Layer,Parameter Name,Values

log_std,log_std
0.0
0.0
0.0
0.0

conv0_actor,conv0_actor.weight
4.811288833618164,

conv1_actor,conv1_actor.weight
-0.24066594243049622,-0.12238520383834839,-0.36712637543678284,0.12690061330795288,
0.003013517940416932,0.2188446968793869,0.053051743656396866,-0.3378511965274811,
0.009728760458528996,-0.4154033064842224,0.13624054193496704,0.18198031187057495,
-0.19131621718406677,0.34041476249694824,-0.2363043874502182,0.14029936492443085,
3.8468101024627686,4.10516881942749,-1.7897310256958008,-2.077967405319214,
4.484218597412109,4.138975620269775,-1.9184743165969849,-2.6135311126708984,
-1.581538438796997,-0.7115391492843628,3.661284923553467,4.0249552726745605,
-1.7589116096496582,-0.26600274443626404,4.056901454925537,3.6419599056243896,
0.17858771979808807,-0.13709238171577454,0.15170323848724365,-0.4120977222919464,
-0.13514672219753265,0.24612532556056976,-0.0876149982213974,-0.18216148018836975,
-0.46195054054260254,-0.3306061029434204,-0.026423990726470947,0.06514547020196915,
-0.33799150586128235,0.16180531680583954,-0.2885671854019165,-0.04523799568414688,
-1.615696907043457,-1.8228813409805298,3.0694968700408936,3.143479108810425,
-1.9672858715057373,-1.2909162044525146,3.4945340156555176,2.495845317840576,
3.503539800643921,3.3621644973754883,-1.8090295791625977,-2.231382369995117,
4.12823486328125,3.8333287239074707,-2.0589311122894287,-2.6042745113372803,
0.19820500910282135,0.14714984595775604,-0.28284400701522827,-0.12818220257759094,
0.21522179245948792,0.11963972449302673,0.1713293492794037,-0.15662221610546112,
0.005756158381700516,-0.11336655914783478,-0.10098831355571747,-0.003637229558080435,
-0.03853309527039528,0.2079404592514038,-0.03266178071498871,-0.2771158814430237,
0.09579508006572723,-0.4136594235897064,-0.860139012336731,-0.7625373005867004,
0.5225308537483215,0.020953139290213585,-0.5222920775413513,-0.511072039604187,
-2.2412545680999756,-1.7690372467041016,3.291795253753662,3.1745622158050537,
-1.962636947631836,-2.262805700302124,4.002950191497803,3.4652507305145264,
0.2038726806640625,-0.31050342321395874,0.2490166872739792,0.01384227816015482,
-0.20697784423828125,0.14612379670143127,0.08212506771087646,-0.10798358172178268,
0.3494345545768738,-0.19594690203666687,-0.05760820955038071,-0.14455807209014893,
0.23329134285449982,-0.008075051940977573,0.2632526755332947,0.2039269506931305,
4.206897258758545,3.749871015548706,3.557960033416748,3.7409346103668213,
4.02269172668457,3.9953722953796387,3.9933977127075195,3.2495968341827393,
0.3372834324836731,-0.20486053824424744,3.466212511062622,3.490671396255493,
0.0484936498105526,0.02941432036459446,3.9683525562286377,3.3287227153778076,
-0.3682878911495209,-0.10239637643098831,-0.27530837059020996,-0.18758009374141693,
0.07894842326641083,0.05379002168774605,-0.20455791056156158,0.06736905127763748,
-0.027760431170463562,0.2097179889678955,0.10022305697202682,0.17195725440979004,
-0.33471357822418213,0.26435187458992004,0.2807024419307709,0.20252664387226105,
0.5328727960586548,-0.10883225500583649,4.024441719055176,3.663541793823242,
0.11759785562753677,0.49393609166145325,3.794283151626587,3.3491151332855225,
3.652979850769043,4.354615688323975,-2.3327698707580566,-2.7141454219818115,
3.4972071647644043,3.6712918281555176,-2.4242801666259766,-1.8950573205947876,
0.15521234273910522,0.06957662105560303,0.0127035491168499,0.23966258764266968,
-0.16015668213367462,0.22971470654010773,0.04935769364237785,0.17066709697246552,
-0.043507400900125504,-0.007719791494309902,-0.08820825070142746,0.10179824382066727,
-0.13119637966156006,-0.2636004388332367,-0.10930993407964706,-0.2005390077829361,
0.7342050671577454,0.22608044743537903,0.6735714077949524,0.15203900635242462,
1.2393231391906738,1.1304190158843994,-0.050295621156692505,-0.136209636926651,
4.005136489868164,4.012738227844238,-2.370966911315918,-2.1595399379730225,
4.393768787384033,3.364651679992676,-2.3842239379882812,-2.3824920654296875,
0.022339291870594025,-0.17769645154476166,-0.06689545512199402,0.02077491581439972,
-0.044931452721357346,0.2458360642194748,0.020495383068919182,-0.1050884947180748,
0.08889156579971313,-0.08864111453294754,0.3714101314544678,-0.05773121863603592,
0.21125204861164093,-0.003312538843601942,0.05002739652991295,0.04525848105549812,
-1.1355805397033691,-1.4173997640609741,3.4857447147369385,3.7648074626922607,
-1.632552146911621,-1.0854898691177368,3.5593693256378174,3.4935338497161865,
-2.269134283065796,-2.1570634841918945,3.624553680419922,3.574383020401001,
-2.822991132736206,-2.198545455932617,3.7034080028533936,2.8318405151367188,
-0.059295669198036194,-0.15319089591503143,-0.032102860510349274,0.2632245123386383,
-0.2380134016275406,-0.05984535068273544,-0.33256053924560547,-0.15225747227668762,
0.2041907012462616,-0.2633911073207855,0.1806030422449112,-0.0013654590584337711,
-0.22421173751354218,0.07104838639497757,-0.009667426347732544,-0.027394434437155724,
4.224839210510254,3.900667667388916,1.0163934230804443,0.4277610182762146,
4.467414855957031,4.287627696990967,1.1447404623031616,0.19921213388442993,
-1.6268888711929321,-1.0319513082504272,3.6920413970947266,3.6091296672821045,
-1.9853376150131226,-1.2823469638824463,3.934166193008423,3.582566022872925,
-0.16510266065597534,-0.2106216698884964,0.09658727794885635,0.20056752860546112,
-0.09461230039596558,0.06718781590461731,0.07178574800491333,0.09727153182029724,
-0.11434908211231232,0.02507428079843521,-0.048084527254104614,0.06668860465288162,
0.145920068025589,0.2276064157485962,0.06529566645622253,-0.23674480617046356,
3.5821118354797363,3.885434150695801,-0.75447678565979,-1.228081464767456,
4.0748491287231445,4.149364948272705,-0.9484274387359619,-0.5193531513214111,
-1.9951765537261963,-1.661758542060852,0.2681356966495514,0.3395630717277527,
-2.137760639190674,-1.3898839950561523,0.7767086029052734,0.6834707856178284,
0.09534342586994171,-0.027555016800761223,0.24094825983047485,-0.0739651694893837,
-0.13778774440288544,-0.12526093423366547,-0.21937350928783417,0.16554518043994904,
0.03328809142112732,0.00831336434930563,0.38768044114112854,0.31426310539245605,
-0.3001786172389984,0.39299845695495605,0.3885085880756378,0.17482833564281464,
4.136430740356445,4.180190563201904,3.6940910816192627,3.5930981636047363,
4.011035442352295,4.087195873260498,3.6932809352874756,3.8790900707244873,
4.179587364196777,3.811309576034546,4.116910934448242,3.7369093894958496,
3.8104794025421143,3.8141181468963623,3.894688606262207,3.8847782611846924,
0.006592894904315472,0.1296207308769226,0.38305240869522095,0.2889007031917572,
0.055395521223545074,-0.09162961691617966,0.06745768338441849,-0.18012408912181854,
0.11477003991603851,-0.1925182193517685,-0.05346338823437691,0.08523929864168167,
0.09873398393392563,0.1104293242096901,-0.22981786727905273,-0.14718669652938843,
-2.7030816078186035,-2.7202134132385254,-2.5660605430603027,-2.65832781791687,
-2.1776621341705322,-1.9491242170333862,-2.445272445678711,-2.2189042568206787,
-2.559480667114258,-2.347728729248047,-2.727097749710083,-2.7708988189697266,
-2.670596122741699,-3.0950427055358887,-2.433648109436035,-2.4893767833709717,
0.05638144910335541,0.2705363631248474,-0.2541646957397461,0.14521287381649017,
-0.23489177227020264,0.07626321911811829,-0.24206691980361938,-0.19653454422950745,
-0.04498998448252678,-0.26363658905029297,-0.20893773436546326,-0.0801587849855423,
-0.00048697832971811295,-0.14463867247104645,-0.11650612205266953,-0.29686883091926575,
-1.9162880182266235,-1.9172929525375366,2.904503583908081,2.9226977825164795,
-2.130333185195923,-1.2123218774795532,3.213548183441162,2.782349109649658,
-1.9616649150848389,-2.454320192337036,-2.361766815185547,-2.390691041946411,
-2.6390414237976074,-2.773501396179199,-2.2637040615081787,-3.0761380195617676,
-0.0033166524954140186,-0.2908044457435608,-0.041264090687036514,0.1376025378704071,
-0.40024638175964355,-0.11192460358142853,0.17316801846027374,-0.2540413737297058,
-0.22263070940971375,-0.08125340938568115,0.21165432035923004,0.16618165373802185,
0.07304365187883377,0.024868721142411232,0.009446081705391407,0.15075452625751495,
-0.38089680671691895,-0.9362413883209229,0.8471808433532715,-0.20490559935569763,
-0.7270099520683289,-0.3004705607891083,0.6480430960655212,0.1485600620508194,
4.249358177185059,4.47035026550293,-1.6106187105178833,-1.8430062532424927,
4.40492057800293,4.593972682952881,-1.57051682472229,-2.0450279712677,
0.0033682426437735558,-0.07851585000753403,0.24678976833820343,-0.03880133107304573,
0.02718210592865944,0.15251386165618896,0.059349533170461655,-0.27409350872039795,
-0.018829645588994026,0.06532256305217743,-0.43182429671287537,-0.13824716210365295,
-0.041689321398735046,0.3430843651294708,0.004935550969094038,0.2394629567861557,
-1.4182134866714478,-1.4844627380371094,-2.4858248233795166,-2.5064876079559326,
-1.5537605285644531,-0.8781611919403076,-2.2200071811676025,-2.1180920600891113,
2.1579952239990234,1.6437221765518188,3.717609167098999,3.5693986415863037,
2.054605484008789,1.9420350790023804,4.123737812042236,3.3337278366088867,
0.2305472046136856,0.12313878536224365,0.005859734490513802,-0.11857913434505463,
-0.04590756073594093,0.04034247249364853,-0.08589977771043777,-0.17009413242340088,
0.1807984560728073,-0.013896826654672623,0.09569822996854782,0.06601495295763016,
0.16654600203037262,0.15225277841091156,-0.34832194447517395,0.14377081394195557,
4.39978551864624,4.004279136657715,3.88763427734375,3.864318370819092,
4.238827228546143,4.040205955505371,4.008372783660889,3.4900729656219482,
4.0512566566467285,3.987334728240967,4.112069129943848,3.6806962490081787,
4.320259094238281,3.9742512702941895,3.9673688411712646,3.294092893600464,
0.041700296103954315,-0.060548245906829834,-0.2583974599838257,0.017534250393509865,
-0.14015419781208038,0.2785159647464752,0.06760904937982559,0.06018168479204178,
0.2744235396385193,0.017360078170895576,-0.19515594840049744,-0.04276212677359581,
-0.026000777259469032,0.021089226007461548,-0.007998830638825893,0.10951975733041763,
-1.0058737993240356,-0.6084566116333008,3.5576870441436768,3.767099142074585,
-1.2118563652038574,-0.20384810864925385,3.8266823291778564,3.9626519680023193,
3.9891748428344727,3.867962598800659,0.3453822135925293,0.7934216856956482,
3.9813015460968018,3.7584142684936523,0.07835903763771057,1.3988394737243652,
0.0957430750131607,-0.4620784521102905,0.21982842683792114,0.29495638608932495,
-0.3439723551273346,0.12505030632019043,0.3519365191459656,0.2927960753440857,
-0.009062821976840496,-0.15330900251865387,-0.11670172214508057,0.3998549282550812,
0.29524120688438416,0.45285001397132874,-0.12504267692565918,0.3714914917945862,
1.0753346681594849,1.1916428804397583,2.8423070907592773,2.521832227706909,
0.7413331866264343,1.7404898405075073,2.854543924331665,2.6659350395202637,
4.044478893280029,3.598120927810669,3.7002599239349365,3.6516482830047607,
3.984767436981201,4.125685214996338,3.5853111743927,2.6822030544281006,
0.024373775348067284,0.20961882174015045,-0.2991298735141754,0.032683100551366806,
-0.1026730164885521,-0.14872878789901733,-0.13475942611694336,0.05677124485373497,
0.05944114550948143,-0.030321942642331123,0.15188780426979065,-0.21625252068042755,
0.07043446600437164,-0.037658292800188065,0.006143107544630766,0.09656799584627151,
1.1971856355667114,1.2943027019500732,4.0442728996276855,3.658477306365967,
1.3379069566726685,2.1408843994140625,3.7523562908172607,3.257368803024292,
-2.2970714569091797,-2.286954879760742,-0.36948272585868835,-0.4386669397354126,
-2.5136520862579346,-2.2314767837524414,-0.31938374042510986,0.35637974739074707,
0.40668198466300964,0.25803637504577637,0.36147505044937134,0.3030049204826355,
-0.020035214722156525,0.23535682260990143,-0.03914651647210121,-0.012317200191318989,
-0.07597557455301285,-0.2826319634914398,0.2826783061027527,-0.03171843662858009,
-0.04336869344115257,0.5553518533706665,-0.02043451927602291,0.03271491825580597,
-2.054774045944214,-2.068795680999756,3.8305718898773193,3.5947625637054443,
-2.0639171600341797,-2.1124627590179443,3.9910643100738525,3.232508659362793,
0.21872039139270782,-0.27765387296676636,-1.6686655282974243,-1.8901786804199219,
-0.15682044625282288,-0.5579204559326172,-2.3401713371276855,-2.0762901306152344,
0.016893062740564346,-0.09609390795230865,-0.09860672801733017,0.1901261806488037,
0.14822398126125336,0.31275972723960876,0.15046095848083496,-0.012753869406878948,
-0.03867530822753906,0.13475199043750763,-0.23948904871940613,-0.014509263448417187,
0.00960175134241581,-0.03936022147536278,-0.027442755177617073,0.29634612798690796,
2.3310980796813965,1.622314691543579,3.694025993347168,3.738962411880493,
1.7794997692108154,2.0420620441436768,4.238011837005615,3.5970306396484375,
3.663017749786377,3.6459107398986816,3.780503511428833,3.723944664001465,
3.642239809036255,3.8986966609954834,3.7825093269348145,2.6709303855895996,
0.35850003361701965,-0.09824194759130478,-0.13525713980197906,0.14295177161693573,
-0.1840677112340927,0.10453429073095322,-0.26731640100479126,0.06279631704092026,
-0.005780515726655722,-0.04918034002184868,-0.02716083824634552,-0.16036175191402435,
-0.27344369888305664,-0.03262164443731308,-0.10420108586549759,0.06695520132780075,
3.7287187576293945,3.909306764602661,-2.353992462158203,-2.315218687057495,
4.118014812469482,3.7356197834014893,-2.134107828140259,-2.337085485458374,
4.361684799194336,4.191802501678467,-2.322050094604492,-2.220625877380371,
4.15946626663208,4.233795166015625,-2.5240349769592285,-2.287085771560669,
-0.22179439663887024,0.21925286948680878,0.428033709526062,-0.3556598722934723,
0.2893103361129761,0.13274352252483368,0.09864377230405807,0.1924072951078415,
-0.07785196602344513,-0.014901690185070038,-0.1260548084974289,-0.2831999957561493,
-0.15027765929698944,-0.048621825873851776,-0.12252591550350189,-0.19143766164779663,
-0.06768916547298431,-0.4687100946903229,0.21449008584022522,0.37416088581085205,
0.27811360359191895,-0.34426942467689514,0.33636704087257385,0.7419131994247437,
0.5125986337661743,-0.443657249212265,0.5403157472610474,0.625550389289856,
0.3273289203643799,0.17862603068351746,0.1297122687101364,0.7676138877868652,
0.3448909521102905,-0.12334287166595459,-0.040482454001903534,-0.03131056949496269,
0.09092773497104645,0.3877662420272827,-0.2519438862800598,0.00742596760392189,
0.13708017766475677,-0.14109793305397034,-0.3721751868724823,-0.01733604073524475,
0.07945980876684189,-0.27732712030410767,0.23248781263828278,-0.16495461761951447,
4.042290210723877,4.109070301055908,3.943425416946411,3.3216331005096436,
4.207029819488525,3.442821502685547,3.7952771186828613,3.0677895545959473,
-2.100213050842285,-1.9922666549682617,-2.124035120010376,-2.6085915565490723,
-1.962248682975769,-1.2629622220993042,-1.8762046098709106,-2.974693775177002,
0.13984352350234985,-0.09676220268011093,-0.09262116253376007,0.22209998965263367,
0.1363953799009323,0.1821969896554947,0.29575181007385254,-0.018952809274196625,
0.26364806294441223,-0.0877952128648758,-0.158792182803154,-0.13822901248931885,
0.126094251871109,-0.10953900963068008,-0.11305014789104462,0.07682043313980103,
1.0205296277999878,0.32428738474845886,-0.2763064503669739,0.038483936339616776,
0.393174946308136,-0.03498053550720215,-0.6100878715515137,-0.3161551058292389,
-2.920114278793335,-2.141521453857422,-2.411543369293213,-2.138091802597046,
-2.6771857738494873,-2.523113489151001,-2.8134958744049072,-1.9600536823272705,
0.09703557193279266,-0.22683224081993103,-0.21404406428337097,-0.2756775915622711,
0.06824393570423126,0.12565001845359802,0.10457175225019455,0.013911891728639603,
-0.21400684118270874,0.14702464640140533,0.33726105093955994,-0.2497815042734146,
-0.21539990603923798,0.5600956082344055,0.02242591232061386,0.047688357532024384,
4.391415119171143,3.3700857162475586,0.938731849193573,-0.31797289848327637,
3.1068060398101807,3.518052816390991,0.8177095055580139,-0.5099796652793884,
-2.404177188873291,-2.5174789428710938,1.9043426513671875,2.0835540294647217,
-2.5293266773223877,-1.9865447282791138,1.874302864074707,2.5138800144195557,
-0.08408620208501816,0.04510260373353958,-0.13129258155822754,-0.2022775113582611,
0.1725771278142929,0.08674222230911255,-0.222834974527359,0.008357352577149868,
0.20261050760746002,0.08210676908493042,0.12554369866847992,-0.03210484981536865,
0.16138200461864471,-0.023402420803904533,0.20785188674926758,0.2730453312397003,
-1.87452232837677,-1.8043500185012817,3.621835947036743,3.669609546661377,
-2.367577314376831,-1.1087822914123535,4.057823657989502,3.639186143875122,
3.132899522781372,4.294142246246338,-2.0935733318328857,-2.6824564933776855,
3.5462563037872314,3.6607444286346436,-2.098538398742676,-2.6978909969329834,
0.19645750522613525,0.029343636706471443,0.003296690760180354,0.18880005180835724,
0.1224895790219307,-0.05071737989783287,0.2832326292991638,-0.03013317473232746,
-0.06441345065832138,-0.2980148494243622,0.042059388011693954,0.037489332258701324,
-0.09222633391618729,0.23150688409805298,0.037569887936115265,0.057939086109399796,
-1.8597843647003174,-2.3665127754211426,-2.384799003601074,-2.3374714851379395,
-2.1123015880584717,-1.752305269241333,-2.1753668785095215,-2.289517641067505,
3.5618748664855957,4.033996105194092,-1.946186900138855,-2.8455891609191895,
3.917141914367676,4.590151786804199,-2.3889966011047363,-2.377680540084839,
0.020520996302366257,-0.3553677797317505,0.1645667403936386,0.1117657721042633,
0.017476923763751984,-0.012288856320083141,-0.1115371361374855,-0.0009548838716000319,
-0.0881165936589241,0.367794930934906,-0.132760152220726,-0.11581344157457352,
-0.04835925251245499,0.21693803369998932,0.0792384073138237,-0.07229401916265488,
-2.041379690170288,-1.806666374206543,-2.3359270095825195,-2.8367598056793213,
-2.3472988605499268,-1.5761305093765259,-2.1866540908813477,-2.404364585876465,
3.7297911643981934,3.2621867656707764,0.013309926725924015,0.3543320596218109,
3.31542706489563,3.6184308528900146,0.09213772416114807,0.6498398780822754,
-0.00839819386601448,-0.07744662463665009,0.09445603936910629,-0.07096894830465317,
0.006035749334841967,0.18313267827033997,0.03376809135079384,-0.06523642688989639,
0.1701679527759552,-0.15847066044807434,0.14062771201133728,0.0009971063118427992,
-0.07238805294036865,0.37096595764160156,-0.24590396881103516,0.34451189637184143,
-1.4822039604187012,-1.422528624534607,3.584031820297241,3.4086947441101074,
-1.6679500341415405,-0.9650118947029114,4.110847473144531,3.3019425868988037,
4.278539180755615,4.448819160461426,1.5039801597595215,0.6308107376098633,
4.370479106903076,4.53941011428833,1.1279451847076416,-0.06903795152902603,
-0.13136427104473114,0.12696294486522675,-0.262959748506546,-0.04951530694961548,
0.03636997193098068,0.00812105555087328,0.1939479410648346,0.04384322091937065,
-0.2975752353668213,0.07142221927642822,-0.065744549036026,-0.13157211244106293,
-0.18954461812973022,0.39417311549186707,-0.006252634339034557,0.11460218578577042,
-1.8670881986618042,-1.6612447500228882,-1.5456700325012207,-2.012819528579712,
-1.9211162328720093,-1.5912045240402222,-1.3277870416641235,-1.74720299243927,
4.224606037139893,4.447554111480713,-0.37507033348083496,-0.777393102645874,
3.930170774459839,4.7653398513793945,-0.18212474882602692,-0.6237574219703674,
0.12874604761600494,-0.12411187589168549,0.0003964641073253006,0.12347725033760071,
0.04732313007116318,0.12001682072877884,0.12474758177995682,-0.33701345324516296,
0.2370302379131317,0.09765028208494186,0.22059495747089386,0.08617343008518219,
0.17837585508823395,-0.07330644130706787,0.17631112039089203,0.23378390073776245,
-1.7355793714523315,-1.997509241104126,3.7637908458709717,3.7904930114746094,
-1.4038293361663818,-1.3420976400375366,3.8838534355163574,3.4983041286468506,
-2.076105833053589,-2.010913372039795,3.3932738304138184,3.1366119384765625,
-1.9125393629074097,-1.9029103517532349,2.975224733352661,2.995182752609253,
0.20641642808914185,0.19782550632953644,-0.029446516185998917,-0.14254367351531982,
0.1517786979675293,0.27527132630348206,-0.2643626630306244,-0.047518547624349594,
-0.6567416191101074,-0.3545770049095154,-0.007910520769655704,0.07621107250452042,
-0.36654162406921387,0.08895588666200638,0.23393793404102325,0.1322539895772934,
3.7176127433776855,4.004613399505615,-1.6677175760269165,-2.1555683612823486,
3.8388211727142334,4.4775543212890625,-2.044154405593872,-2.0056216716766357,
-2.2425127029418945,-1.748012661933899,-2.474168539047241,-2.4704015254974365,
-2.4058477878570557,-1.3515105247497559,-2.274683952331543,-2.3911750316619873,

conv2_actor,conv2_actor.weight
0.004446925595402718,-0.003021427197381854,
-0.007941319607198238,-0.0008083232678472996,
-0.003486015135422349,0.015589390881359577,
-0.0071498313918709755,-0.014279106631875038,
0.02908850833773613,-0.017626650631427765,
-0.003705896669998765,-0.009828004986047745,
0.02549363300204277,-0.019244631752371788,
-0.011578774079680443,-0.0005671426770277321,
0.002466271398589015,-0.028714220970869064,
0.018315546214580536,0.01595134474337101,
-0.006509250029921532,0.004498359281569719,
-0.03132525831460953,0.014047805219888687,
0.02265879139304161,0.012024817056953907,
0.05063934624195099,0.03365734964609146,
-0.004684739280492067,-0.005635467357933521,
-0.028590677306056023,0.004841072019189596,
0.009730830788612366,-0.030021853744983673,
0.029222115874290466,-0.0056750159710645676,
-0.01422586478292942,0.014395950362086296,
0.01453503966331482,0.04985106363892555,
-0.028319325298070908,-0.016952501609921455,
0.01590423658490181,0.03562280163168907,
-0.0161375030875206,0.014307224191725254,
-0.012460259720683098,-0.01150471717119217,
0.03170454502105713,0.018797617405653,
-0.014778644777834415,0.013457641005516052,
-0.030148103833198547,0.007299687713384628,
-0.03726207837462425,0.003385662566870451,
0.025621410459280014,-0.016058016568422318,
-0.031586047261953354,0.015396867878735065,
0.014596007764339447,-0.006455780938267708,
-0.0020579316187649965,-0.019748162478208542,
-0.005398860201239586,0.010410145856440067,
0.0002666474902071059,0.011252726428210735,
-0.007155138533562422,-0.023196134716272354,
-0.03256812319159508,-0.01609678566455841,
-0.024573102593421936,-0.012977865524590015,
0.008263682015240192,0.003763532731682062,
-0.0020813571754842997,0.023535244166851044,
0.02244281768798828,-0.03505438566207886,
0.014510545879602432,-0.031693991273641586,
-0.014594431035220623,0.026362046599388123,
-0.008303096517920494,0.017421355471014977,
0.002226984826847911,-0.015585413202643394,
-0.01311467494815588,-0.008691566064953804,
0.016389736905694008,-0.014022494666278362,
-0.024793172255158424,-0.004219863098114729,
-0.009007810615003109,0.025069646537303925,
0.009016630239784718,0.012334412895143032,
0.00646966090425849,0.006180468946695328,
0.03079594112932682,-0.03278176113963127,
-0.0316772423684597,-0.014366894960403442,
-0.0222588162869215,0.005177964456379414,
0.008886715397238731,-0.010492999106645584,
-0.027256473898887634,-0.017560815438628197,
0.03111886978149414,0.04613787680864334,
0.01438633818179369,0.015075047500431538,
0.01816093921661377,0.031535033136606216,
0.02362740971148014,0.0014325687661767006,
0.022863740101456642,0.026143502444028854,
-0.020079320296645164,0.04391251131892204,
-0.01810419000685215,-0.02610234171152115,
0.02169177681207657,-0.008468680083751678,
-0.0007519247010350227,0.006094628944993019,
0.013990451581776142,-0.004540564492344856,
-0.037007905542850494,-0.007806213106960058,
-0.04761939123272896,0.003488644026219845,
0.009825965389609337,0.02856723591685295,
-0.029986126348376274,-0.014470589347183704,
-0.03724844753742218,-0.001955404644832015,
-0.020028792321681976,0.025655675679445267,
-0.007691690232604742,0.027339700609445572,
0.028467658907175064,-0.0095965676009655,
0.02496454492211342,0.007931900210678577,
0.03408149629831314,0.019912900403141975,
0.02840607427060604,0.004764373414218426,
0.00015359939425252378,0.006908526178449392,
0.029713016003370285,0.004077611491084099,
-0.008700420148670673,-0.030377192422747612,
-0.007619406562298536,0.015529949218034744,
0.0017040804959833622,-0.003976046573370695,
-0.006735614035278559,0.023876409977674484,
-0.03725575655698776,-0.053936202079057693,
-0.00966451596468687,0.006923126056790352,
-0.03756579011678696,0.02262272872030735,
0.008819625712931156,-0.037223778665065765,
-0.006096953991800547,-0.00774926645681262,
0.019355425611138344,-0.033021047711372375,
-0.0582185797393322,-0.020205222070217133,
-0.013080393895506859,-0.03528807312250137,
0.0032146829180419445,0.001087369048036635,
-0.00346775958314538,0.03436187282204628,
0.03446570783853531,-0.041304074227809906,
-0.026812270283699036,-0.003242511535063386,
0.01929139904677868,-0.028628801926970482,
-0.011850252747535706,-0.004577162675559521,
-0.011497092433273792,0.0161968432366848,
0.01604689657688141,-1.7892363757709973e-05,
0.01855420134961605,-0.030324280261993408,
-0.01359570398926735,0.051865410059690475,
-0.0033780422527343035,0.03968413919210434,
-0.019896158948540688,0.0005175144178792834,
-0.008041445165872574,0.01994295045733452,
-0.023230666294693947,-0.010645822621881962,
0.022716805338859558,-0.007460851687937975,
0.03268200531601906,0.024603059515357018,
-0.007059321738779545,-0.018277039751410484,
-0.00036390984314493835,-0.005149544216692448,
0.008658160455524921,-0.04801657423377037,
-0.02111615613102913,0.0254367608577013,
0.034606363624334335,-0.02311682142317295,
0.008885113522410393,0.02299414575099945,
-0.008056319318711758,0.01814768835902214,
-0.00470917671918869,0.005460860673338175,
0.007249125279486179,0.018704840913414955,
-0.056620001792907715,-0.018637215718626976,
-0.007401192560791969,0.008050506934523582,
0.014079054817557335,-0.021251684054732323,
0.006014478858560324,-0.0037489195819944143,
0.007060075178742409,0.03271331265568733,
0.004219494294375181,0.0052402731962502,
0.00694045377895236,-0.005428124684840441,
-0.007181448861956596,-0.001575042842887342,
-0.004838546272367239,-0.03859102725982666,
0.04686427488923073,-0.016530970111489296,
0.03520425036549568,-0.017579877749085426,
-0.015458385460078716,-0.004599477164447308,
0.004263602197170258,0.02017906866967678,
-0.003124920418485999,0.01310154888778925,
0.007233374286442995,-0.007185967639088631,
-0.011864825151860714,-0.006288609467446804,
0.003965314012020826,0.002649008994922042,
-0.003560298355296254,-0.027397340163588524,
-0.02577018178999424,0.017145726829767227,
0.017021430656313896,0.0005998960114084184,
-0.00271989987231791,0.04617179185152054,
-0.0028042648918926716,0.023771673440933228,
-0.02913358435034752,0.02500186860561371,
0.018707608804106712,-0.017082052305340767,
-0.005687813740223646,-0.02010917291045189,
0.009997179731726646,-0.0006376299425028265,
0.0017473719781264663,0.019048526883125305,
-0.009628049097955227,0.0016532550798729062,
-0.024432580918073654,-0.007331191096454859,
0.0243228692561388,0.027384983375668526,
0.018443360924720764,-0.011320855468511581,
0.03199029341340065,-8.14429804449901e-05,
0.02347828820347786,0.008537611924111843,
-0.027508560568094254,-0.030971795320510864,
-0.014795742928981781,0.016541356220841408,
0.01897844299674034,0.013558387756347656,
0.006805022247135639,-0.03108021803200245,
0.0026757174637168646,-0.011780790984630585,
-0.01219206489622593,-0.055992789566516876,
0.02066056616604328,0.026018919423222542,
0.005622671917080879,-0.019377049058675766,
-0.032852936536073685,0.008637206628918648,
0.03178374841809273,-0.015852244570851326,
0.015145236626267433,-0.031715426594018936,
0.004068020265549421,-0.0037642817478626966,
0.018289364874362946,-0.020228857174515724,
-0.018966130912303925,0.0010223204735666513,
-0.011597743257880211,0.029840566217899323,
0.017394311726093292,-0.05303267762064934,
-0.005055070389062166,0.02062881365418434,
0.015904797241091728,-0.008522208780050278,
0.03840576857328415,0.017358409240841866,
-0.005452142097055912,-0.0051450724713504314,
-0.03713494539260864,0.009339227341115475,
-0.01949046365916729,0.016946373507380486,
-0.004087179899215698,-0.021338919177651405,
-0.015690702944993973,0.015371648594737053,
-0.017866313457489014,0.008012698031961918,
-0.04134034737944603,-0.0451822429895401,
0.018234288319945335,-0.0120545644313097,
0.0005768967675976455,0.01620316319167614,
-0.012862175703048706,-0.04239209368824959,
0.007942995987832546,0.02838442660868168,
0.02076404169201851,0.012491694651544094,
-0.0156516395509243,-0.02943284995853901,
0.028544830158352852,-0.025132084265351295,
-0.04875151067972183,-0.006233204621821642,
0.04072654992341995,0.04114194214344025,
0.0002789795398712158,-0.028273312374949455,
-0.013232732191681862,0.01631218194961548,
-0.02099110558629036,0.03053070791065693,
-0.008184211328625679,0.009719531051814556,
-0.01295392494648695,-0.02256326749920845,
0.0039492822252213955,0.02037285640835762,
-0.015445227734744549,0.011066781356930733,
0.0274673979729414,-0.020091166719794273,
0.01965525932610035,-0.0024857455864548683,
0.0033873477950692177,0.015129300765693188,
-0.011636517941951752,0.00046716516953893006,
0.011806986294686794,0.01077758613973856,
0.03136100247502327,-0.010739430785179138,
-0.007904483936727047,0.007577615324407816,
0.012352469377219677,0.016781862825155258,
-0.004581019748002291,-0.04643113166093826,
-0.029795335605740547,0.03836403787136078,
-0.008218192495405674,-0.004729947540909052,
0.016405055299401283,0.0007425498333759606,
0.014123478904366493,0.024663573130965233,
0.03824111446738243,0.010636434890329838,
0.016239387914538383,-0.0011062445119023323,
-0.0013861741172149777,0.009517712518572807,
-0.005029010120779276,-0.02248247154057026,
-0.0042308238334953785,-0.004586684983223677,
0.03198089823126793,0.00295496778562665,
-0.003671218641102314,0.003622109303250909,
-0.021022291854023933,-0.03933385759592056,
0.03396947309374809,0.03360019624233246,
0.0034576242323964834,0.030588941648602486,
0.013110915198922157,-0.028866073116660118,
-0.02338487096130848,-0.016740640625357628,
0.009708724915981293,0.023958610370755196,
0.013604988344013691,0.0015532828401774168,
0.00822887197136879,0.013330517336726189,
-0.02042900025844574,-0.03245784342288971,
0.0055594854056835175,-0.01896469108760357,
-0.02595631591975689,-0.011276339180767536,
0.01707744225859642,-0.019495835527777672,
0.02533574029803276,0.01627749763429165,
0.031128263100981712,0.013794749043881893,
0.011621300131082535,-0.02382120117545128,
0.01425568014383316,-0.01628413051366806,
-0.016307272017002106,0.0021181299816817045,
0.007671141065657139,0.0019179166993126273,
-0.003729512682184577,0.021938132122159004,
0.009494466707110405,-0.004526644013822079,
0.023218020796775818,-0.019988639280200005,
0.00808348972350359,0.006772210821509361,
0.012979277409613132,-0.0015525935450568795,
0.02830122597515583,-0.026635557413101196,
0.011304156854748726,0.003861033823341131,
-0.011773763224482536,-0.017374364659190178,
0.009881778620183468,0.007012704852968454,
0.0025006362702697515,0.017544154077768326,
0.0018796701915562153,0.016448624432086945,
-0.01334272138774395,0.015781665220856667,
0.0020262151956558228,0.007637293078005314,
-0.034092362970113754,0.013341793790459633,
-0.029298238456249237,0.027614649385213852,
0.0059381709434092045,-0.004100198857486248,
0.021268760785460472,-0.027692046016454697,
0.033955156803131104,-0.006419694051146507,
-0.013116600923240185,0.0016494914889335632,
0.01676001399755478,0.005893986206501722,
0.011962084099650383,0.019359778612852097,
-0.011073860339820385,-0.0023270666133612394,
0.018629703670740128,0.007825886830687523,
-0.015545171685516834,0.002945985645055771,
-0.013319006189703941,0.020158156752586365,
-0.047173384577035904,0.0069119008257985115,
-0.0060843536630272865,-0.00017131354252342135,
-0.014843441545963287,-0.019366417080163956,
0.004896900150924921,0.003691617399454117,
0.01959080994129181,-0.010649051517248154,
-0.01886991411447525,-0.016939327120780945,
0.021056434139609337,-0.011088424362242222,
0.020366504788398743,0.034771524369716644,
-0.0037120268680155277,-0.031955476850271225,
0.010216121561825275,0.031138885766267776,
0.03240537270903587,-0.005802907049655914,
0.011422649025917053,-0.002670916961506009,
-0.0024903672747313976,0.023459086194634438,
0.003761901753023267,0.030328581109642982,
-0.006567034870386124,-0.01858222670853138,
-0.01498637069016695,-0.010323750786483288,
-0.009989290498197079,0.0002984978200402111,
0.014439447782933712,-0.009172498248517513,
-0.014335689134895802,-0.020865928381681442,
0.007118512410670519,0.038550522178411484,
-0.005557323340326548,0.03345104306936264,
0.004244358278810978,-0.027799665927886963,
-0.021291885524988174,-0.030328810214996338,
-0.014706660062074661,0.02038286067545414,
-0.005426547955721617,-0.008654714561998844,
-0.0003799808619078249,0.010798283852636814,
0.00268771150149405,-9.892242087516934e-05,
-0.0020460840314626694,-0.030640307813882828,
0.02605818770825863,-0.02155136689543724,
-0.016464995220303535,0.008503095246851444,
0.026076091453433037,0.009961554780602455,
-0.02392267808318138,-0.030538154765963554,
0.01917586661875248,0.006484149489551783,
-0.01034985389560461,-0.01786373369395733,
0.023950746282935143,0.007913714274764061,
-0.018766239285469055,0.0018618342000991106,
-0.008672969415783882,0.014751848764717579,
0.014149314723908901,-0.04836788401007652,
-0.010653102770447731,-0.02651968225836754,
-0.004284927621483803,0.0032945587299764156,
-0.040026649832725525,-0.012920191511511803,
-0.022244689986109734,-0.018287718296051025,
-0.007936612702906132,-0.00365155516192317,
0.0058068763464689255,-0.01933378353714943,
0.004453303292393684,-0.02148490957915783,
0.02021237090229988,0.004199002869427204,
-0.022852329537272453,-0.03252401202917099,
-0.030355755239725113,-0.05245732516050339,
-0.029644059017300606,-0.038895197212696075,
0.04754474759101868,0.055332377552986145,
-0.014221370220184326,0.0018442511791363358,
-0.014909307472407818,0.0007463859510608017,
0.021051185205578804,0.017032230272889137,
-0.006804939825087786,-0.013514509424567223,
0.022602951154112816,-0.002920369617640972,
-0.026711612939834595,0.0304123405367136,
0.02133760415017605,-0.027958443388342857,
-0.03877272456884384,-0.0014163728337734938,
0.026560809463262558,0.015855219215154648,
0.0017071925103664398,0.01732826605439186,
0.019695263355970383,0.016044840216636658,
-0.014202464371919632,-0.026240291073918343,
0.031017934903502464,0.002665926469489932,
-0.009770763106644154,0.02150619775056839,
-0.007516580168157816,0.025054646655917168,
0.016753261908888817,0.025507519021630287,
0.03209425508975983,0.010014872066676617,
-0.0044007739052176476,-0.028047926723957062,
0.02186477743089199,-0.021291909739375114,
-0.02032581716775894,-0.04057716950774193,
0.004398958291858435,0.002724949037656188,
0.0050308178178966045,0.0238731037825346,
-0.02289223112165928,-0.001526739913970232,
0.022014612331986427,0.0007005954976193607,
0.0057134926319122314,-0.034751489758491516,
0.008122879080474377,-0.02052197977900505,
-0.024115249514579773,0.040745366364717484,
0.006096170749515295,0.021495291963219643,
0.015127931721508503,0.014144927263259888,
-0.02623121254146099,0.0029639725107699633,
0.001412012381479144,0.006669654976576567,
-0.016215957701206207,0.039448659867048264,
-0.005115010309964418,0.028190869837999344,
-0.024027278646826744,0.012896226719021797,
-0.05309552326798439,0.009459221735596657,
0.010542869567871094,-0.004759503528475761,
0.03122088685631752,0.027058253064751625,
-0.0007065358222462237,0.041386090219020844,
-0.024454552680253983,0.011407817713916302,
0.012965122237801552,0.004548583645373583,
-0.01409815065562725,-0.014866295270621777,
0.002829306060448289,-0.01378567237406969,
0.010444443672895432,-0.012232490815222263,
-0.00913877971470356,0.0319635309278965,
-0.03198929503560066,-0.036696337163448334,
-0.017627349123358727,0.018654964864253998,
-0.018177082762122154,-0.029346978291869164,
-0.011225886642932892,0.0019125407561659813,
-0.021521272137761116,0.009158559143543243,
-0.0030873280484229326,0.01610437035560608,
0.028733745217323303,0.0038371046539396048,
0.015665458515286446,0.0004741984303109348,
0.003966089338064194,-0.009891406632959843,
0.015596495009958744,-0.01993555575609207,
-0.03702208027243614,0.010124831460416317,
0.03491616249084473,0.04434678703546524,
0.007789803668856621,0.027456581592559814,
-0.012600532732903957,0.008951282128691673,
-0.01703724078834057,-0.044162798672914505,
-0.009867257438600063,-0.024658458307385445,
0.018590807914733887,-0.01575770229101181,
0.010464957915246487,0.026713944971561432,
0.034496139734983444,-0.025725381448864937,
0.03575923666357994,0.0168332289904356,
0.01054356712847948,-0.02336122654378414,
-0.0016742520965635777,-0.02422366663813591,
-0.004360932856798172,-0.024396449327468872,
-0.017054378986358643,-0.0014362478395923972,
-0.017716728150844574,0.014186515472829342,
-0.004772009793668985,0.01705983281135559,
-0.0006853318773210049,-0.004080912098288536,
0.014272637665271759,0.015791835263371468,
-0.002734743058681488,0.004350464791059494,
-0.02283763885498047,0.006617644336074591,
0.020142046734690666,0.029959119856357574,
0.019888870418071747,0.02017413079738617,
0.016323668882250786,-0.007168108131736517,
-0.033558644354343414,-0.012360704131424427,
0.007003879640251398,-0.005085699260234833,
-0.02502518892288208,0.016977177932858467,
-0.021272407844662666,0.006850923877209425,
0.00491766631603241,0.03453254699707031,
-0.01421344093978405,-0.015214981511235237,
0.004514201078563929,-0.025522978976368904,
-0.007161944173276424,0.00948413833975792,
0.026708178222179413,0.022366713732481003,
0.028317328542470932,-0.022146692499518394,
-0.011766794137656689,-0.0070148915983736515,
-0.023557359352707863,0.019181786105036736,
0.03362267091870308,-0.003979907836765051,
-0.026491357013583183,-0.01703113131225109,
-0.010205836966633797,0.036304254084825516,
-0.04239939898252487,-0.005889157764613628,
0.022092357277870178,0.004371314775198698,
0.018150098621845245,-0.05407245084643364,
0.001566653954796493,0.03531169146299362,
-0.005044025834649801,-0.024927830323576927,
0.025715641677379608,0.0046118926256895065,
0.04450041055679321,-0.003130566095933318,
-0.0316573791205883,0.017008090391755104,
-0.011261316016316414,0.036106210201978683,
0.001132973819039762,0.01167236641049385,
0.0008057588129304349,-0.02510242536664009,
0.0232393741607666,-0.0011086879530921578,
0.03337426483631134,0.02177300862967968,
0.03214062750339508,-0.0462627075612545,
-0.022020580247044563,7.736695806670468e-06,
0.013871065340936184,0.04076638072729111,
0.038226764649152756,-0.02847377024590969,
0.013914651237428188,0.004240917973220348,
-0.012304704636335373,0.011633691377937794,
0.024523451924324036,-0.011238504201173782,
0.0323665551841259,-0.030833909288048744,
-0.01530331652611494,-0.010501379147171974,
0.03750254586338997,0.014787130989134312,
0.005692844744771719,-0.054136961698532104,
0.0045763240195810795,0.006468023639172316,
-0.019831571727991104,-0.0214711781591177,
-0.00158040935639292,0.023869464173913002,
0.0019429344683885574,0.0025791232474148273,
0.012956732884049416,-0.0007353114197030663,
-0.02606048434972763,-0.02209203504025936,
0.000539660279173404,0.015969378873705864,
-0.005967227276414633,-0.00309303542599082,
0.04540875926613808,-0.0192753653973341,
-0.012944737449288368,-0.042260512709617615,
-0.001110649318434298,0.007638582959771156,
-0.034644715487957,0.03522571176290512,
0.013812008313834667,-0.020034655928611755,
0.04374599829316139,0.00950387492775917,
-0.042155876755714417,0.021545348688960075,
0.0032953599002212286,0.009237372316420078,
0.001713413279503584,0.023559629917144775,
0.02799317240715027,-0.019353682175278664,
0.009950889274477959,-0.0033323056995868683,
0.022666489705443382,-0.012599407695233822,
-0.004564074799418449,0.03139553591609001,
0.0412813201546669,0.047738853842020035,
0.011765478178858757,0.005497720558196306,
0.0034547774121165276,-0.023241795599460602,
-0.013689865358173847,0.04212595522403717,
-0.02781890518963337,0.03962821140885353,
-0.04552498087286949,0.008869009092450142,
0.00927784200757742,-0.0023928529117256403,
0.016498632729053497,-0.0027784176636487246,
0.023836763575673103,-0.032458655536174774,
-0.003008841071277857,0.0009181355126202106,
0.010014996863901615,-0.02639996074140072,
0.03774521127343178,0.043795958161354065,
-0.033366840332746506,0.025321338325738907,
-0.018331611528992653,-0.02273038774728775,
0.018597610294818878,-0.004439501091837883,
0.004611290525645018,0.010606992058455944,
0.0067514474503695965,-0.020476924255490303,
0.0049744718708097935,-0.057600051164627075,
0.015525165013968945,-0.01870104670524597,
-0.023389048874378204,0.01714557781815529,
0.009119930677115917,0.011834860779345036,
-0.03250107914209366,0.024017376825213432,
0.004423065576702356,0.0013452785788103938,
0.01914026215672493,0.013965411111712456,
-0.021221308037638664,-0.027138371020555496,
-0.008353402838110924,0.03862154111266136,
-0.008472669869661331,-0.03421105444431305,
0.030709058046340942,-0.006379627622663975,
0.0160308089107275,-0.01005077175796032,
-0.049363695085048676,0.00913868099451065,
-0.024161629378795624,0.01097060926258564,
-0.004452502820640802,-0.019079510122537613,
0.00759279727935791,-0.02987397275865078,
-0.01988336630165577,0.00744885066524148,
0.02944534458220005,-0.017070692032575607,
-0.004403070546686649,-0.03503063693642616,
0.015434752218425274,0.024775194004178047,
0.024912474676966667,-0.022695638239383698,
-0.015882717445492744,-0.05192290246486664,
0.006627234164625406,0.039045773446559906,
-0.009129539132118225,0.01767916977405548,
-0.01843155361711979,-0.01232368778437376,
0.041617248207330704,-0.03006289154291153,
0.009175628423690796,-0.012406907044351101,
0.021154912188649178,0.04895402863621712,
0.01962859556078911,-0.0069305007345974445,
0.013644596561789513,-0.021009428426623344,
-0.017833758145570755,-0.008779231458902359,
0.007120939902961254,-0.006644962355494499,
-0.010531778447329998,0.0045340158976614475,
0.007370724342763424,0.014990490861237049,
-0.0008770382264629006,0.030195049941539764,
0.029137248173356056,0.01412899699062109,
0.03366568684577942,-0.03261028975248337,
-0.021644914522767067,0.016068361699581146,
0.018079053610563278,-0.006569084711372852,
0.028615975752472878,0.009809456765651703,
0.0322563536465168,-0.009794753976166248,
0.004784477408975363,-0.016010256484150887,
-0.01993662118911743,-0.04531487822532654,
0.002634748350828886,0.017896506935358047,
0.037112630903720856,-0.01521784532815218,
0.025906531140208244,0.015862906351685524,
-0.006403638049960136,0.019123902544379234,
-0.002264016307890415,-0.004705079365521669,
-0.01530511025339365,-0.011176464147865772,
0.04013999179005623,-0.013662698678672314,
-0.011270543560385704,0.02770892158150673,
-0.03579646721482277,-0.0037057858426123857,
-0.010697555728256702,-0.011312897317111492,
0.033557526767253876,-0.04087591543793678,
0.01276002824306488,0.020702645182609558,
0.013190356083214283,-0.051594000309705734,
-0.019831273704767227,-0.0149768628180027,
0.027878466993570328,-0.01686994731426239,
-0.024973029270768166,0.013461856171488762,
-0.024100711569190025,-0.026151014491915703,
-0.03475377336144447,0.003482341067865491,
-0.007347749546170235,-0.01611466519534588,
-0.024171607568860054,0.0078002940863370895,
-0.03213272988796234,0.017020784318447113,
0.003860374679788947,0.016642050817608833,
-0.04918215423822403,-0.04039468616247177,
0.021731950342655182,0.0200667604804039,
-0.012795212678611279,0.016517864540219307,
-0.025390570983290672,0.023654671385884285,
0.033652663230895996,-0.03182055428624153,
-0.04283365607261658,-0.046573858708143234,
0.005242540966719389,-0.027417384088039398,
0.014363409020006657,0.021702811121940613,
0.015693478286266327,-0.04127970710396767,
-0.007335948757827282,-0.004931626841425896,
0.003768304828554392,0.027732694521546364,
0.021535709500312805,0.002344876993447542,
-0.01534067653119564,-0.0124704260379076,
-0.011684462428092957,0.006739373784512281,
-0.015233115293085575,-0.01736869104206562,
0.009354634210467339,0.030442165210843086,
0.019541727378964424,-0.00535582797601819,
-0.016874121502041817,-0.006986001972109079,
-0.0180332250893116,-0.0014076635707169771,
-0.0237905103713274,-0.04441116750240326,
-0.01770028844475746,-0.021665094420313835,
-0.02296390011906624,0.020343974232673645,
0.04005470499396324,0.0016424368368461728,
-0.011674261651933193,-0.03320777788758278,
-0.009372503496706486,0.004368224646896124,
0.005298693664371967,-0.031981680542230606,
-0.0030284998938441277,0.03778610751032829,
0.03999340906739235,0.008794215507805347,
-0.01033750269562006,-0.01580805703997612,
0.03524622321128845,-0.014559333212673664,
-0.01714799553155899,0.00682448036968708,
0.00980319269001484,0.008917049504816532,
-0.003918331582099199,-0.008447496220469475,
-0.011063412763178349,-0.002060872968286276,
-0.017852291464805603,-0.022807413712143898,
-0.044336844235658646,-0.012485436163842678,
0.0061521949246525764,-0.013503880240023136,
0.021364571526646614,0.019995728507637978,
-0.005487420596182346,-0.0027000652626156807,
-0.006654295604676008,-0.015432162210345268,
-0.012251399457454681,-0.037176601588726044,
0.017261970788240433,-0.014958605170249939,
0.014371514320373535,-0.013094075955450535,
0.0397074930369854,-0.0001459898630855605,
0.027751607820391655,0.0010461234487593174,
0.0546795018017292,-0.02277543395757675,
-0.01652533747255802,0.02294153906404972,
0.010003886185586452,0.025815360248088837,
-0.0037269569002091885,-0.01348988339304924,
0.01744208112359047,-0.02627158723771572,
0.013836086727678776,-0.010230261832475662,
-0.041048578917980194,0.043790679425001144,
-0.010910647921264172,-0.020299836993217468,
-0.003571348963305354,-0.016485203057527542,
0.023807547986507416,0.05352514237165451,
0.0037048072554171085,-0.010122249834239483,
-0.0270440261811018,0.014390045776963234,
0.011040383018553257,-0.013782259076833725,
-0.04249202087521553,0.003801736980676651,
0.035801902413368225,0.005789468064904213,
0.010635868646204472,-0.030618544667959213,
0.01777147315442562,0.02011028304696083,
-0.022942254319787025,-0.014071882702410221,
0.03714544326066971,0.001391880912706256,
-0.0036384148988872766,0.004759195260703564,
0.028783312067389488,0.016879359260201454,
-0.012435655109584332,0.0009842951549217105,
-0.019294457510113716,0.009782322682440281,
-0.013470552861690521,0.020064527168869972,
0.019173607230186462,0.001543341320939362,
-0.0007038518087938428,-0.012089502066373825,
0.010390465147793293,-0.004253222141414881,
-0.004833884537220001,-0.015527533367276192,
-0.031324513256549835,0.007077676709741354,
-0.025172289460897446,0.02478092908859253,
0.008654811419546604,0.021031571552157402,
-0.01642000302672386,-0.005713806487619877,
0.007946730591356754,0.017648965120315552,
-0.019980408251285553,-0.0451117642223835,
-0.002750731771811843,0.01029469445347786,
0.0026871610898524523,-0.00794103741645813,
0.007546181790530682,0.008697294630110264,
-0.009697044268250465,0.032722990959882736,
0.0076749264262616634,-0.022845622152090073,
0.006583813112229109,0.040665727108716965,
0.00836072489619255,-0.00822200533002615,
0.020351340994238853,0.012646782211959362,
-0.026201697066426277,0.0011829526629298925,
0.0025763746816664934,-0.006511624902486801,
0.004229968413710594,0.01661239005625248,
0.00939715001732111,0.001388613716699183,
-0.003652695333585143,-0.0014330195263028145,
-0.01695678010582924,-0.030940182507038116,
0.008846323937177658,0.022251442074775696,
-0.0029519873205572367,0.003400122746825218,
0.02277291566133499,0.011753235943615437,
-0.020789161324501038,0.025560028851032257,
0.04148556664586067,0.025505537167191505,
-0.005791202187538147,0.016194764524698257,
-0.01571514829993248,-0.003996857907623053,
-0.004690453410148621,0.030010873451828957,
0.00788086373358965,0.0013505857205018401,
-0.016395365819334984,0.05571988224983215,
-0.004189036320894957,0.028947340324521065,
-0.008441079407930374,0.038046497851610184,
0.011575361713767052,0.014618773944675922,
0.014636939391493797,0.007614895701408386,
-0.015458456240594387,0.004203852266073227,
-0.025867607444524765,0.013099309988319874,
-0.0034742113202810287,-0.003494486678391695,
0.0004914446617476642,0.007856163196265697,
0.015042318031191826,-0.023871416226029396,
0.01404416374862194,0.02912544459104538,
-0.01892632618546486,0.009214174002408981,
-0.018253052607178688,-0.0013296200195327401,
-0.027199944481253624,0.007661529816687107,
0.017616072669625282,-0.005850299261510372,
-0.03709862008690834,-0.005412035621702671,
0.03691992163658142,0.002323423745110631,
-0.005149972625076771,0.011926164850592613,
-0.017654355615377426,-0.02151378244161606,
0.003710911376401782,0.01730705425143242,
0.009772786870598793,-0.006921705789864063,
0.018585046753287315,0.014906489290297031,
-0.031860049813985825,-0.03725796565413475,
0.019828910008072853,-0.012955344282090664,
-0.012751379050314426,0.005387049168348312,
0.018744582310318947,-0.002349472837522626,
-0.01036651898175478,0.007855638861656189,
-0.029088055714964867,-0.03200511634349823,
-0.021803081035614014,0.009100418537855148,
-0.00033950337092392147,0.05407162010669708,
0.03522048145532608,-0.03862889111042023,
0.007661542389541864,-0.003630636492744088,
0.035187095403671265,-0.009539172053337097,
-0.012670103460550308,-0.0161421038210392,
0.011268971487879753,0.01260930672287941,
-0.012804761528968811,0.025220036506652832,
-0.02436266466975212,-0.03584099933505058,
0.005118378438055515,-0.008912162855267525,
0.007598531432449818,-0.024375170469284058,
-0.03633846342563629,0.02796226553618908,
0.00987278763204813,0.0030177028384059668,
0.031582050025463104,0.014573999680578709,
0.030755028128623962,-0.030206935480237007,
0.0010055057937279344,0.017170608043670654,
0.003945117350667715,-0.01297217421233654,
0.027417883276939392,-0.03300069272518158,
0.019420363008975983,-0.01691514626145363,
0.030890341848134995,0.02227734588086605,
-0.030629215762019157,0.011181579902768135,
-0.0038449824787676334,-0.03653252124786377,
0.008072524331510067,-0.016272854059934616,
-0.001986448187381029,-0.05855746939778328,
0.06089786812663078,0.007280836347490549,
0.0011736495653167367,-0.06285624206066132,
-0.028765175491571426,0.018954642117023468,
0.01936265453696251,-0.002472827211022377,
-0.0012712954776361585,-0.029425494372844696,
0.022537268698215485,-0.018187744542956352,
0.02474500983953476,0.010517082177102566,
0.012881209142506123,0.03338370844721794,
0.012063232250511646,-0.01008390262722969,
-0.012264159508049488,-0.000688734813593328,
0.03661438822746277,-0.005134045146405697,
0.01184381078928709,0.023468919098377228,
-0.021189576014876366,0.01506646815687418,
-0.0033114326652139425,0.02479618415236473,
0.030957849696278572,0.015717780217528343,
-0.012421343475580215,0.0029050831217318773,
-0.0006940950406715274,0.009990130551159382,
0.009436977095901966,0.008548366837203503,
0.036589838564395905,0.02996763586997986,
-0.028856026008725166,-0.006196352653205395,
0.011740714311599731,-0.009815831668674946,
0.03332032635807991,0.006268501281738281,
-0.033879853785037994,-0.01243673637509346,
0.012148686684668064,0.051429763436317444,
-0.008606312796473503,0.005347683560103178,
0.003358918707817793,-0.008988936431705952,
-0.03404204547405243,0.029945408925414085,
0.007118374574929476,-0.014318195171654224,
-0.008154788985848427,-0.04752122238278389,
0.007312557194381952,0.014181775040924549,
0.020527472719550133,0.015766853466629982,
-0.03711659088730812,-0.0030795459169894457,
0.00413338141515851,0.007636170368641615,
-0.029517866671085358,0.011785130947828293,
-0.008893805555999279,0.02605058252811432,
-0.004797440487891436,-0.010971087031066418,
0.004385011270642281,0.015714822337031364,
-0.011770976707339287,-0.0025118549820035696,
0.020953554660081863,-0.013456244952976704,
0.032159194350242615,-0.03483814373612404,
0.01572885364294052,-0.03841423988342285,
-0.012022505514323711,0.055524442344903946,
-0.0025483560748398304,-0.05039352551102638,
0.014996702782809734,0.03628158941864967,
0.006827484350651503,0.0023693309631198645,
0.04103115573525429,-0.04973454400897026,
0.01820633001625538,-0.00773912388831377,
0.015116555616259575,0.0078035700134932995,
0.017689229920506477,-0.020905982702970505,
-0.013127520680427551,0.035609547048807144,
-0.011361927725374699,-0.007802341133356094,
-0.017114069312810898,-0.002391761401668191,
0.010948199778795242,-0.002174295485019684,
0.006875963415950537,-0.05067750811576843,
-0.024768304079771042,0.003642655909061432,
0.025245746597647667,-0.02479184791445732,
0.010034964419901371,0.05259928107261658,
0.010586767457425594,0.013165158219635487,
-0.03203899413347244,-0.001929732272401452,
-0.004161633551120758,0.0010969131253659725,
-0.017782438546419144,0.01969161443412304,
-0.03333943337202072,0.06777741760015488,
-0.019833775237202644,-0.012171482667326927,
0.032551467418670654,0.001126770512200892,
0.01846170425415039,-0.013869302347302437,
-0.010094797238707542,-0.015482872724533081,
0.030418217182159424,-0.03380792960524559,
-0.003260294208303094,0.01253278274089098,
0.015257449820637703,0.013304474763572216,
-0.018968980759382248,-0.023221567273139954,
0.020092424005270004,-0.02412482164800167,
-0.013088654726743698,-0.0009464423637837172,
0.0040768347680568695,0.018922286108136177,
-0.023435823619365692,0.02685406617820263,
-0.003487754613161087,0.06327621638774872,
0.014268514700233936,-0.0135184396058321,
-0.0639260783791542,-0.005436685401946306,
0.018352454528212547,0.02313915081322193,
0.0023121340200304985,0.017628660425543785,
0.012596466578543186,-0.00043324189027771354,
-0.024837955832481384,0.008912897668778896,
-0.008022414520382881,0.024018950760364532,
-0.01691926084458828,0.01550531666725874,
-0.017235519364476204,-0.009800989180803299,
-0.025279171764850616,0.027604112401604652,
0.003499704645946622,-0.01517061423510313,
-0.012112904340028763,0.005891996435821056,
-0.010759054683148861,0.021573185920715332,
0.006263979244977236,-0.0042203511111438274,
-0.036820027977228165,0.03458358347415924,
-0.0259221363812685,-0.031086347997188568,
-0.009867236018180847,-0.04246405512094498,
-0.013271358795464039,0.013664402067661285,
-0.016296496614813805,-0.010815904475748539,
0.0033104675821959972,-0.023674799129366875,
0.015118272043764591,0.028328057378530502,
0.012174181640148163,-0.01944429986178875,
-0.040571749210357666,0.004682444967329502,
-0.018815306946635246,-0.021001888439059258,
0.02603907883167267,0.03864800184965134,
-0.021170560270547867,0.01251180563122034,
-0.0174409206956625,-0.005936816800385714,
-0.01352736633270979,-0.007144364062696695,
0.010921756736934185,-0.018564412370324135,
-0.00276579475030303,0.007888087071478367,
-0.004963295999914408,-0.009165710769593716,
0.012614906765520573,0.004925322253257036,
0.0076902806758880615,-0.036827363073825836,
0.011664234101772308,-0.005531758069992065,
-0.021269960328936577,0.01875600405037403,
-0.010886061005294323,-0.0025426410138607025,
-0.01722973957657814,-0.028641188517212868,
-0.0072387587279081345,-0.05982678756117821,
-0.017938612028956413,0.04237222671508789,
-0.0020035591442137957,-0.03821307793259621,
-0.012107349932193756,0.027404531836509705,
0.0028735757805407047,-0.025354932993650436,
0.008512100204825401,0.010113879106938839,
0.01024174690246582,-0.0001224520819960162,
-0.013545489870011806,0.01021286565810442,
0.012012296356260777,0.015048380941152573,
-0.01909557171165943,-0.0252885352820158,
-0.00912399124354124,0.006630921270698309,
-0.004581734538078308,-0.0001980515953619033,
-0.007505039218813181,-0.020620623603463173,
0.00529639795422554,-0.009008307941257954,
-0.007811353076249361,-0.008619595319032669,
-0.003175749909132719,-0.020809320732951164,
0.006448070518672466,0.04109511524438858,
0.02784545347094536,0.012195209972560406,
-0.007074436638504267,0.013274973258376122,
-0.026428429409861565,-0.005919362884014845,
-0.020803699269890785,-0.026277534663677216,
0.0135035440325737,0.019631659612059593,
-0.008060997352004051,-0.0010114028118550777,
0.00315232016146183,0.03396040201187134,
-0.007198011968284845,-0.021739359945058823,
-0.006939094513654709,0.009954276494681835,
0.02605396695435047,0.01892162673175335,
-0.01368514820933342,0.011215221136808395,
-0.007520962972193956,-0.011586662381887436,
0.023479964584112167,0.007189019583165646,
-0.008284300565719604,0.002195098903030157,
0.006443751975893974,0.021596763283014297,
-0.014812465757131577,0.005993261933326721,
0.004063853528350592,-0.01088297925889492,
0.03037513606250286,-0.004004516173154116,
-0.02011960558593273,0.003026773454621434,
0.019909998401999474,0.017098749056458473,
0.01895677112042904,0.0031661279499530792,
-0.038078080862760544,-0.004189148545265198,
-0.039156224578619,-0.044414568692445755,
-0.02644290402531624,-0.012879577465355396,
0.0037636219058185816,0.05480429530143738,
0.020954325795173645,-0.008607180789113045,
0.004750048741698265,-0.07606377452611923,
0.008627383038401604,-0.05628976598381996,
0.0075087593868374825,-0.0005983412847854197,
0.016003111377358437,0.011800896376371384,
-0.007548054680228233,0.0010974780889227986,
0.013441326096653938,0.0006802475545555353,
0.015583686530590057,-0.029105843976140022,
0.007080759387463331,-0.01628197729587555,
-0.01867697574198246,-0.015038092620670795,
0.008568515069782734,0.04863680526614189,
-0.006369377952069044,-0.03277991712093353,
0.00860877986997366,-0.015503758564591408,
0.0029765900690108538,0.0023539140820503235,
0.053664468228816986,-0.03280537948012352,
0.0047089229337871075,0.0033279177732765675,
-0.008284435607492924,0.01642860285937786,
-0.04097944498062134,-0.03082195296883583,
-0.006396987941116095,0.011955788359045982,
-0.020832834765315056,-0.01659141294658184,
-0.01976284570991993,0.011111816391348839,
0.01988821104168892,-0.007176178507506847,
-0.004907737486064434,-0.026274416595697403,
0.013447950594127178,0.02979719266295433,
0.013097417540848255,-0.02413216046988964,
-0.0017744535580277443,0.010286038741469383,
-0.022673729807138443,-0.02070719189941883,
0.000514897343236953,0.02595018595457077,
0.03011210449039936,0.0017457334324717522,
-0.01984821818768978,0.015175809152424335,
-0.02757960557937622,0.0036788613069802523,
0.008288178592920303,0.001349212252534926,
-0.003241092897951603,0.007705421186983585,
0.0032449918799102306,0.009961513802409172,
0.0038071570452302694,-0.022871289402246475,
-0.01610551029443741,-0.03932661935687065,
-0.012251480482518673,0.010972208343446255,
-0.028435390442609787,-0.0029827177058905363,
0.033880602568387985,-0.004808352328836918,
-0.016329094767570496,0.040775224566459656,
0.006582080386579037,-0.01876123622059822,
0.012584199197590351,0.045500557869672775,
0.007391770835965872,-0.020978130400180817,
-0.013405075296759605,-0.035370294004678726,
-0.010057845152914524,-0.013594187796115875,
-0.021898554638028145,-0.022058168426156044,
0.012656926177442074,-0.013900608755648136,
0.006828131154179573,0.014825215563178062,
0.013486064970493317,-0.0017722368938848376,
0.02959292009472847,-0.035292454063892365,
0.04808293282985687,-0.004528182093054056,
-0.032896753400564194,-0.0062722209841012955,
0.009467183612287045,0.0029191391076892614,
0.03734239563345909,-0.01857655495405197,
-0.03451455757021904,-0.01639377512037754,
-0.015927588567137718,0.03754982352256775,
-0.0032475455664098263,0.0033018861431628466,
-0.018915116786956787,0.026277216151356697,
-0.003154503181576729,0.0025122216902673244,
-0.009534056298434734,-0.000620355480350554,
0.008192808367311954,-0.010187664069235325,
0.006549180950969458,-0.008799265138804913,
-0.012301802635192871,-0.031685881316661835,
-0.005049010273069143,-0.0028713454958051443,
0.0064034173265099525,0.005881776567548513,
0.01630336605012417,-0.010818008333444595,
-0.02707519754767418,-0.03715987130999565,
0.00541117787361145,0.02245631255209446,
-0.020318713039159775,0.018280120566487312,
-0.018154235556721687,-0.00043001314043067396,
0.01921590231359005,0.01781296730041504,
-0.04903460666537285,-0.03684677928686142,
-0.0017404825193807483,-0.03514379262924194,
0.00820627249777317,0.004820283502340317,
0.005078012123703957,0.009467465803027153,
-0.02084122598171234,-0.006437910720705986,
0.0006669400027021766,-0.03037644550204277,
-0.01432112231850624,-0.0010621753754094243,
0.03040202334523201,-0.02935938537120819,
0.04221690818667412,-0.0025719597470015287,
0.010698680765926838,0.0011558188125491142,
-0.02757684327661991,-0.0035571823827922344,
0.002344833454117179,0.035499006509780884,
0.02009407803416252,0.01574067398905754,
0.02735479734838009,0.02956518903374672,
-0.051171448081731796,-0.009825174696743488,
-0.02667790837585926,0.012135316617786884,
-0.008422883227467537,-0.03838949277997017,
-0.027625523507595062,0.029920505359768867,
-0.0077838897705078125,0.007984131574630737,
-0.013014119118452072,-0.019723394885659218,
0.01773776486515999,0.0010372766992077231,
-0.02290770411491394,0.04234674200415611,
0.011049274355173111,0.017100660130381584,
-0.03667641431093216,0.06324070692062378,
0.022372668609023094,-0.017037812620401382,
0.04062774032354355,0.013615784235298634,
-0.005534928757697344,0.0020329600665718317,
-0.0108457300812006,0.0019407368963584304,
-0.02058766596019268,0.00518229603767395,
-0.009781287983059883,0.0192265585064888,
0.028025727719068527,-0.002029335591942072,
-0.009045392274856567,0.010234293527901173,
0.033858951181173325,0.01843186281621456,
-0.023198913782835007,-0.012621382251381874,
-0.016403792425990105,-0.026576796546578407,
0.0023468409199267626,0.0063038840889930725,
0.0025103974621742964,-0.008017963729798794,
-0.019751790910959244,-0.024873217567801476,
0.009704520925879478,-0.005249849986284971,
-0.010811579413712025,-0.044476255774497986,
0.031989872455596924,0.012630097568035126,
-0.028620006516575813,-0.014183897525072098,
0.039494000375270844,1.3557572856370825e-05,
0.0023427940905094147,0.01238419022411108,
0.010661136358976364,-0.028016261756420135,
-0.00950335431843996,-0.0016720782732591033,
0.022686222568154335,0.017714451998472214,
0.0153728062286973,-0.007804923225194216,
-0.008017614483833313,-0.004424219019711018,
-0.029379766434431076,0.0014427147107198834,
0.026467133313417435,-0.006398441269993782,
0.015559801831841469,0.020172039046883583,
-0.0003367714525666088,-0.028180114924907684,
-0.019122350960969925,0.047527119517326355,
0.01693122833967209,0.02547343447804451,
0.01375286653637886,-0.028590211644768715,
-0.03281465172767639,-0.0022354109678417444,
-0.026216188445687294,0.02766895294189453,
-0.0502992644906044,0.00531130563467741,
-0.0005884921993128955,0.024197222664952278,
-0.011913958005607128,-0.0027121116872876883,
0.021237719804048538,-0.021151039749383926,
-0.013433299027383327,-0.03163823112845421,
0.0008241674513556063,0.010911883786320686,
-0.014211920090019703,-0.01423268485814333,
0.007184900343418121,0.004202029202133417,
-0.022448910400271416,-0.010515584610402584,
0.019701289013028145,0.02492976374924183,
0.031605664640665054,-0.009581973776221275,
-0.0008489619940519333,0.009590337984263897,
0.012256959453225136,-0.005073644686490297,
0.00403295224532485,-0.013318505138158798,
-0.05906979739665985,-0.02309652790427208,
0.005458556581288576,-0.01317039504647255,
0.031435564160346985,0.009471094235777855,
-0.03675902634859085,-0.003228244837373495,
0.01817239262163639,-0.02962140180170536,
0.04184526205062866,0.003900222945958376,
-0.035184621810913086,-0.008516229689121246,
-0.004827259108424187,0.071867436170578,
0.030592037364840508,0.008490522392094135,
-0.0024920564610511065,0.009177755564451218,
0.005981308873742819,0.026002759113907814,
0.03255176544189453,-0.015686240047216415,
-0.04684910178184509,-0.025627072900533676,
-0.015694772824645042,-0.007400416303426027,
0.005933908745646477,-0.01832660101354122,
0.04160954803228378,0.04170389100909233,
-0.02522197552025318,0.015316411852836609,
0.02611635811626911,-0.008242200128734112,
0.012237457558512688,-0.017261900007724762,
-0.02687147818505764,-0.01883445866405964,
-0.007023944519460201,0.0052033280953764915,
0.03183319792151451,0.019048385322093964,
-0.020242884755134583,-0.014211773872375488,
0.004624690394848585,0.019542371854186058,
-0.00523032620549202,0.02866629883646965,
0.0029139427933841944,-0.0028846869245171547,
-0.002436265582218766,0.0321674570441246,
0.003531133756041527,-0.0072790090925991535,
0.011620593257248402,-0.01699761115014553,
0.006433532107621431,0.023573316633701324,
0.02965538017451763,0.02998753823339939,
0.0016235271468758583,-0.01061059907078743,
-0.010402633808553219,-0.028032194823026657,
-0.002246807562187314,0.029655396938323975,
0.006548411212861538,0.01098097488284111,
-1.708630588836968e-05,8.287461241707206e-05,
0.009301640093326569,0.016335735097527504,
0.035154055804014206,0.0050213816575706005,
0.020365716889500618,0.008505837991833687,
0.003663614857941866,0.01730438508093357,
0.010510539636015892,0.011659535579383373,
0.022442221641540527,0.036950305104255676,
-0.011116798967123032,0.01393563486635685,
-0.010877634398639202,-0.018794870004057884,
-0.022044837474822998,-0.017812982201576233,
0.0014907058794051409,-0.012269890867173672,
-0.005827639251947403,0.04431001842021942,
-0.005834362935274839,-0.0012499813456088305,
0.015686791390180588,-0.03377093747258186,
0.027927467599511147,0.03372163325548172,
-0.010282556526362896,0.037536051124334335,
-0.03677649423480034,0.05680897831916809,
-0.021519051864743233,0.002637102035805583,
0.0009420845308341086,-0.020336145535111427,
0.007332765031605959,0.012182763777673244,
-0.007652919739484787,-0.01969042420387268,
-0.0076804920099675655,-0.008287877775728703,
-0.001347006531432271,-0.014227651990950108,
0.008092323318123817,0.01239629928022623,
-0.00039890073821879923,-0.031174078583717346,
0.01971939392387867,-0.04106714203953743,
-0.003940883558243513,0.006056970451027155,
-0.010522374883294106,0.007562961895018816,
-0.01625506393611431,-0.0332709364593029,
-0.01578940451145172,-0.030560078099370003,
-0.0019571511074900627,0.012857692316174507,
0.0481967069208622,0.0001636862725717947,
0.022392285987734795,-0.011409515514969826,
-0.0346372164785862,0.0006697875214740634,
0.022672610357403755,-0.011164827272295952,
-0.009950411505997181,-0.02447711117565632,
0.04734180495142937,0.027057873085141182,
0.015636451542377472,-0.023893656209111214,
-0.013014128431677818,0.01295358594506979,
-0.006723241880536079,0.010077671147882938,
0.039414022117853165,-0.008809526450932026,
-0.007900482043623924,0.050767675042152405,
-0.002488557016476989,-0.022462770342826843,
-0.0104673495516181,0.0060363998636603355,
0.00733685027807951,-0.04093235358595848,
-0.0009603388025425375,0.009931745007634163,
-0.011403001844882965,-0.04312475770711899,
0.024927278980612755,-0.013425219804048538,
0.030281580984592438,-0.01115818414837122,
-0.02434532344341278,0.05623951554298401,
0.030294207856059074,0.03160243481397629,
0.005342169664800167,-0.026899412274360657,
-0.009474818594753742,-0.03343861177563667,
0.050025127828121185,0.029186824336647987,
-0.027438683435320854,0.011593053117394447,
-0.007080391980707645,0.008377010934054852,
-0.030172675848007202,0.01728869415819645,
-0.03127896785736084,0.00911383144557476,
0.039103515446186066,0.02098603919148445,
0.0029891568701714277,0.024805763736367226,
-0.003250101814046502,0.0485328733921051,
0.025435954332351685,0.005404355935752392,
-0.020635994151234627,-0.04281884431838989,
0.004012801218777895,-0.023955069482326508,
-0.013826598413288593,-0.018068337813019753,
-0.031845927238464355,-0.034189023077487946,
-0.025678643956780434,0.01900128833949566,
-0.03458845242857933,-0.00023293908452615142,
0.017930857837200165,0.009732218459248543,
0.031033724546432495,-0.0060721635818481445,
-0.014165577478706837,0.017710033804178238,
-0.008241893723607063,-0.002900804625824094,
-0.03824455663561821,-0.009253929369151592,
-0.01880686916410923,0.01219217386096716,
-0.026667119935154915,0.03470935299992561,
-0.03111364133656025,-0.014284567907452583,
-0.006417824886739254,0.009902785532176495,
0.013897642493247986,-0.031051436439156532,
-0.028589695692062378,0.0008561247959733009,
-0.009073987603187561,-0.04212924465537071,
0.010183747857809067,-0.0371047668159008,
0.0016602437244728208,-0.03437503054738045,
0.026357237249612808,-0.03849126771092415,
-0.028718719258904457,0.021653354167938232,
0.008747611194849014,0.017533766105771065,
0.01915394887328148,-0.020693935453891754,
-0.006807939615100622,0.006114216987043619,
-0.006176600698381662,0.01785740815103054,
0.039075180888175964,0.016299542039632797,
0.002253327751532197,-0.012946482747793198,
0.0029690999072045088,0.018559955060482025,
-0.01512890961021185,0.03223876655101776,
-0.013878455385565758,0.029271764680743217,
-0.0052599296905100346,-0.002117571420967579,
-0.018057800829410553,0.022668922320008278,
0.009564227424561977,0.012639258988201618,
-0.005607628729194403,0.02955459989607334,
0.009019827470183372,0.015693681314587593,
-0.018708018586039543,-0.015106383711099625,
0.006343253422528505,-0.010902742855250835,
-0.011153980158269405,-0.019383076578378677,
-0.026617683470249176,-0.038368407636880875,
0.01620742678642273,-0.01487084198743105,
0.01786847971379757,-0.005383333656936884,
-0.007270037662237883,0.03624815493822098,
0.0057761818170547485,0.03371323272585869,
0.00961549486964941,-0.020987752825021744,
0.017461223527789116,0.0013653285568580031,
0.02638312242925167,-0.010668926872313023,
-0.006772832944989204,0.022971423342823982,
-0.025342082604765892,-0.022622665390372276,
0.010139104910194874,-0.03075011633336544,
0.030201179906725883,-0.017544694244861603,
-0.020908435806632042,0.003061453113332391,
0.015443849377334118,0.010910754092037678,
-0.018188288435339928,-0.003895174479112029,
0.0061517697758972645,-0.00799227599054575,
0.0010166933061555028,-0.01786900870501995,
-0.03772100806236267,0.025244565680623055,
0.018513988703489304,0.010981432162225246,
0.010338165797293186,-0.035839106887578964,
-0.03443000838160515,-0.01496899127960205,
-0.006116337608546019,-0.023374689742922783,
-0.03317992016673088,0.0024834461510181427,
0.003926723729819059,0.014510934241116047,
-0.007305261213332415,-0.05593226104974747,
0.040808212012052536,0.015992911532521248,
0.02872585877776146,-0.026216993108391762,
0.016570711508393288,0.00796593725681305,
0.005124266259372234,0.0018940335139632225,
-0.016912750899791718,0.010792799293994904,
0.009776911698281765,0.004469826817512512,
-0.02514049969613552,0.021582745015621185,
-0.04320959746837616,0.01730538159608841,
0.02556183747947216,0.041466742753982544,
0.020635582506656647,-0.02345838025212288,
0.026037443429231644,-0.005677168723195791,
0.020013343542814255,0.010184261947870255,
0.016632074490189552,0.011819148436188698,
-0.006933464668691158,-0.005137506872415543,
-0.029085330665111542,-0.0045733992010355,
0.009867600165307522,0.019828664138913155,
-0.02095705457031727,-0.002810561330989003,
0.03373090550303459,-0.007120760157704353,
0.015353916212916374,0.014462042599916458,
0.025438344106078148,-0.004203881602734327,
0.004608029033988714,-0.03733912855386734,
-0.010627176612615585,-0.004817926790565252,
-0.012918904423713684,-0.019648149609565735,
-0.012263000942766666,0.0029682002495974302,
-0.016785509884357452,0.0016954364255070686,
-0.017159227281808853,0.03208751976490021,
0.06089886650443077,0.022336022928357124,
-0.000991889275610447,-0.01157031487673521,
-0.04579060152173042,-0.013579631224274635,
0.040293022990226746,0.024096312001347542,
-0.03721960633993149,-0.0025699588004499674,
0.023759573698043823,0.02160021662712097,
-0.027379462495446205,-0.018319087103009224,
-0.0008879214874468744,0.026064803823828697,
-0.0045728725381195545,0.006354973651468754,
0.007054262328892946,-0.012083432637155056,
-0.022847076877951622,-0.0012060845037922263,
0.017386894673109055,0.014869006350636482,
0.006000126712024212,0.013262481428682804,
0.01863461546599865,0.025125114247202873,
0.009063617326319218,-0.022952867671847343,
0.0313430055975914,-0.009192177094519138,
0.01131675485521555,-0.0022374687250703573,
-0.04648327827453613,0.00561127532273531,
-0.041675832122564316,0.03503347560763359,
-0.0011722943745553493,0.017454303801059723,
0.028976455330848694,-0.035235363990068436,
0.03509147837758064,0.02252134494483471,
-0.01849963515996933,0.040235091000795364,
-0.010702625848352909,0.004899829626083374,
0.027359144762158394,0.006088719237595797,
0.01631508208811283,-0.017122523859143257,
-0.0008543367148377001,-0.010451222769916058,
0.004814729560166597,0.0012821258278563619,
-0.04631426930427551,-0.029952332377433777,
-0.0057216365821659565,0.016959859058260918,
0.0013039674377068877,0.02252325229346752,
0.017460504546761513,0.0370466485619545,
-0.007003911770880222,-0.049077585339546204,
0.014915570616722107,-0.0032906157430261374,
-0.0012779177632182837,-0.011820436455309391,
0.018809804692864418,0.028135286644101143,
-0.03473734110593796,-0.009711749851703644,
0.019503677263855934,-0.004870499484241009,
-0.02238006889820099,-0.011097739450633526,
0.0074188318103551865,0.005974717438220978,
0.03417954966425896,-0.01581018976867199,
0.032294031232595444,-0.029673466458916664,
0.025443056598305702,0.00014986404858063906,
0.0013400290627032518,0.02220427617430687,
-0.012837802059948444,-0.0004973850445821881,
-0.010920344851911068,0.029842933639883995,
0.029513714835047722,0.04690208658576012,
0.01785353571176529,0.01918727345764637,
-0.024911843240261078,-0.04153885319828987,
0.02983107790350914,0.019927039742469788,
0.010453817434608936,0.04458046332001686,
-0.0126273725181818,-0.04737875610589981,
-0.010393141768872738,-0.036711420863866806,
0.00889806728810072,0.0062886737287044525,
-0.004789721220731735,-0.010919208638370037,
0.01686178892850876,-0.0003132348647341132,
0.018063552677631378,-0.019154511392116547,
-0.05094338580965996,-0.0031243227422237396,
0.00315614091232419,-0.03789740055799484,
0.02407119981944561,0.0175869669765234,
0.023725347593426704,0.0032959997188299894,
-0.01338107232004404,0.042572468519210815,
0.012666559778153896,-0.003256542142480612,
0.021470636129379272,-0.0030868654139339924,
0.01108752004802227,0.004550320096313953,
-0.006190571002662182,-0.006140065845102072,
0.016552003100514412,0.018040671944618225,
0.008999611251056194,-0.0025147527921944857,
-0.011284531094133854,-0.0021542052272707224,
-0.018541935831308365,0.027076851576566696,
-0.00023970453185029328,0.01792769506573677,
0.008650779724121094,-0.010119395330548286,
-0.03174310550093651,-0.030328433960676193,
0.006717031355947256,0.0013298258418217301,
-0.04975429177284241,-0.010715820826590061,
0.016161007806658745,-0.0006023291498422623,
-0.0029296742286533117,-0.004603235051035881,
0.0013019986217841506,-0.032726459205150604,
0.04014604166150093,-0.019596586003899574,
-0.016751481220126152,-0.02497689053416252,
-0.042068254202604294,0.025545576587319374,
0.025753941386938095,-0.01794346235692501,
0.004667990375310183,-0.016070153564214706,
0.022107217460870743,0.018498960882425308,
-0.0022988533601164818,-0.012535287998616695,
0.0025874748826026917,-0.011989661492407322,
0.009354377165436745,-0.016203755512833595,
-0.035933952778577805,0.008080581203103065,
-0.021259812638163567,0.015449173748493195,
-0.0034356224350631237,-0.00829220563173294,
0.02530183456838131,0.0453224740922451,
0.016021979972720146,0.00775701692327857,
-0.019756296649575233,-0.03843490779399872,
-0.012130498886108398,0.02543473057448864,
0.002386037027463317,0.04725447669625282,
-0.012236419133841991,0.01943337731063366,
0.01661280170083046,-0.00044541381066665053,
0.013260944746434689,0.0031737452372908592,
-0.019929690286517143,-0.043580055236816406,
-0.011728002689778805,-0.0031461953185498714,
0.04844491928815842,0.011436153203248978,
0.020066358149051666,0.03187648206949234,
-0.0038721286691725254,-0.04759487137198448,
0.0004086545086465776,0.02184968814253807,
-0.03178435564041138,-0.014077062718570232,
0.032078709453344345,0.021366210654377937,
0.0052091279067099094,-0.013684227131307125,
-0.0014980772975832224,-0.027864858508110046,
0.019839460030198097,0.0071871597319841385,
0.007458741310983896,0.020205514505505562,
-0.03304585441946983,0.015190782956779003,
0.035322532057762146,-0.021603330969810486,
0.010909439995884895,-0.04380524903535843,
-0.008671628311276436,-0.026679668575525284,
0.0260323379188776,0.004484210629016161,
-0.016343984752893448,-0.0026963194832205772,
-0.020299237221479416,0.019117925316095352,
0.020125452429056168,-0.02376633882522583,
0.017860664054751396,0.015713434666395187,
-0.0040061865001916885,0.034567344933748245,
0.011816134676337242,-0.008842297829687595,
0.010410438291728497,-0.0307021364569664,
0.01375823374837637,0.0035783895291388035,
0.0016032858984544873,-0.04290132597088814,
-0.012577079236507416,0.020428743213415146,
-0.020875459536910057,0.01522490382194519,
-0.02040739171206951,0.005585592705756426,
0.0037645890843123198,-0.009529746137559414,
0.01457932684570551,0.007147039752453566,
-0.04437375068664551,0.02655799128115177,
0.043602678924798965,0.021694224327802658,
0.003174322657287121,-0.010508107021450996,
0.048957616090774536,-0.039688508957624435,
-0.006507022771984339,-0.03556334599852562,
0.004296006169170141,-0.008609328418970108,
0.008519134484231472,-0.02590714767575264,
-0.014906139113008976,0.011784004047513008,
-0.005367003846913576,0.03437138348817825,
0.0293717123568058,-0.02197582833468914,
0.0311750415712595,-0.012123698368668556,
0.03742366284132004,0.019346093758940697,
-0.06505540013313293,0.0347704216837883,
0.0023983509745448828,0.03047051839530468,
-0.018150992691516876,-0.01402397733181715,
-0.0029350745026022196,-0.00525846378877759,
0.04811993986368179,-0.00954517163336277,
-0.025606470182538033,0.016521424055099487,
-0.0048149265348911285,-0.04926063120365143,
-0.018385417759418488,-0.012950721196830273,
0.010683944448828697,0.003110273275524378,
0.0030963458120822906,0.007650233805179596,
-0.019098522141575813,-0.039379749447107315,
-0.004389676731079817,0.025416355580091476,
-0.018951663747429848,-0.003679712302982807,
-0.001883773598819971,0.008077635429799557,
0.02746422216296196,0.015562529675662518,
-0.04122154042124748,-0.00019146247359458357,
-0.03175858408212662,-0.03177516534924507,
-0.016220929101109505,0.022241663187742233,
0.03768771514296532,0.0197768472135067,
-0.007621968165040016,-0.02040119841694832,
-0.004575673025101423,0.01704857312142849,
0.00491195498034358,0.02932954579591751,
0.02681744657456875,0.002473129890859127,
-0.03932136297225952,-0.01586216688156128,
0.004053439479321241,-0.0016284354496747255,
-0.02266990765929222,0.01927233673632145,
-0.011479994282126427,0.015756208449602127,
0.008424323983490467,-0.0069832466542720795,
-0.013305263593792915,-0.012503043748438358,
0.006782106589525938,-0.0010772893438115716,
0.0333792008459568,0.006378674414008856,
-0.01181111391633749,-0.010535389184951782,
0.036580007523298264,-0.023813139647245407,
-0.012473080307245255,-0.035297952592372894,
-0.01550367847084999,0.0358663946390152,
-0.024129418656229973,0.010609295219182968,
0.012610256671905518,-0.014801590703427792,
0.0014145760796964169,-0.005896135699003935,
0.021095149219036102,0.004670972935855389,
-0.004714717622846365,0.01588497869670391,
-0.021918078884482384,-0.01207870151847601,
-0.002551113720983267,0.010045964270830154,
-0.011090623214840889,-0.017508696764707565,
0.009124208241701126,0.025216685608029366,
-0.02971290424466133,-0.005641520023345947,
0.03937666490674019,0.01514455210417509,
-0.024255307391285896,-0.0056687090545892715,
0.032201845198869705,0.00676060002297163,
-0.00696970522403717,-0.034164782613515854,
-0.013439996168017387,0.014635859988629818,
-0.012524759396910667,-6.37969924355275e-06,
-0.013274830766022205,0.018450269475579262,
0.021285349503159523,0.026932554319500923,
-0.010532660409808159,-0.022995151579380035,
0.01883622631430626,-0.060132186859846115,
-0.042679354548454285,0.016719695180654526,
-0.010394317097961903,0.04093673825263977,
0.032116830348968506,0.012299282476305962,
0.03179361671209335,0.025332950055599213,
0.015804201364517212,0.02459852769970894,
0.015382776036858559,0.04698494076728821,
0.00362003268674016,-0.011320622637867928,
-0.0013600829988718033,-0.015620904974639416,
-0.0024914508685469627,-0.004372302908450365,
0.021839361637830734,-0.03126044571399689,
-0.00550053920596838,-0.02446727268397808,
-0.012393699027597904,-0.01782667636871338,
0.004918055143207312,0.023915467783808708,
-0.0038480793591588736,0.03020588681101799,
-0.03343190252780914,0.006076755002140999,
-0.0027859907131642103,0.011566048488020897,
0.010688933543860912,0.008301343768835068,
-0.025916878134012222,0.016310149803757668,
-0.022117119282484055,-0.00991531740874052,
-0.0022011995315551758,0.025315256789326668,
-0.00031331644277088344,-0.041874319314956665,
-0.018230779096484184,-0.014619079418480396,
0.023556847125291824,-0.02649204432964325,
-0.005389928352087736,-0.03339076042175293,
0.0028745783492922783,0.02022138237953186,
0.003893722780048847,0.0038633826188743114,
-0.0036840359680354595,0.013906647451221943,
-0.03176520764827728,0.009941132739186287,
0.014045394957065582,0.01052121538668871,
-0.025388963520526886,-0.000394257134757936,
0.009036993607878685,0.04625080153346062,
-0.029079975560307503,0.02825682796537876,
-0.01695563830435276,-0.0006366462912410498,
0.004256170708686113,-0.02254829928278923,
0.01441445667296648,0.0182818416506052,
-0.023107249289751053,-0.004083528183400631,
0.008938716724514961,0.03246903419494629,
-0.010149865411221981,-0.017632562667131424,
0.01348943542689085,-0.02166411653161049,
0.0019644517451524734,-0.04680272564291954,
-0.0006226224359124899,-0.015185698866844177,
0.007384739350527525,0.014526184648275375,
-0.016223527491092682,-0.03445838391780853,
-0.00236589671112597,-0.002561344066634774,
0.01722034625709057,-0.010312976315617561,
0.023805314674973488,-0.008853187784552574,
0.014546963386237621,-0.025213122367858887,
0.013745497912168503,-0.009037632495164871,
-0.0011371453292667866,0.01973946951329708,
-0.0023681195452809334,-0.028910504654049873,
0.014650044031441212,-0.020341144874691963,
-0.019227612763643265,-0.014991998672485352,
-0.00465407595038414,0.01968100480735302,
0.008560962975025177,0.026630299165844917,
0.025020580738782883,-0.0005512650241144001,
0.012669847346842289,-0.047130800783634186,
-0.012464961968362331,0.03236248716711998,
-0.004028518218547106,-0.022670170292258263,
0.0013091107830405235,-0.004239810165017843,
-0.001849338528700173,0.03425871953368187,
-0.019741280004382133,-0.028461532667279243,
0.026709221303462982,-0.025267643854022026,
-0.01914936676621437,0.010535285808146,
0.0023159447591751814,-0.008738920092582703,
-0.007940716110169888,0.002682949649170041,
0.057738494127988815,-0.034759677946567535,
-0.01308827567845583,-0.0258499626070261,
0.010525455698370934,-0.04406361281871796,
0.02370501309633255,0.0012617125175893307,
0.02842189557850361,-0.006036354694515467,
-0.015374138951301575,0.02987871691584587,
0.008968100883066654,0.022637519985437393,
0.023936662822961807,-0.01534770242869854,
0.012895473279058933,-0.01628384366631508,
0.0030937884002923965,0.017650393769145012,
-0.0008681416511535645,0.02286500297486782,
-0.00048506390885449946,0.003137289546430111,
-0.012833301909267902,0.023630985990166664,
-0.01567765697836876,0.00040941848419606686,
-0.010385149158537388,0.031061045825481415,
-0.0008975269156508148,0.031158020719885826,
-0.009486507624387741,-0.0016046147793531418,
0.039710767567157745,0.0033844574354588985,
0.02482779696583748,0.002023866167291999,
0.034204427152872086,0.05528390035033226,
-0.007017950061708689,0.024155469611287117,
0.009635231457650661,-0.012772093527019024,
-0.031858179718256,-0.004834252875298262,
0.040640298277139664,0.012721585109829903,
-0.01774469017982483,-0.022096019238233566,
-0.035210758447647095,-0.017681527882814407,
0.018632547929883003,0.020414084196090698,
-0.00485312519595027,-0.013093224726617336,
0.020334234461188316,-0.021965302526950836,
0.02639559842646122,0.0036661464255303144,
-0.01737636886537075,0.019625194370746613,
-0.03024911694228649,0.009127315133810043,
-0.03330965340137482,0.04719577729701996,
-0.0035311339888721704,-0.014194447547197342,
0.03969291225075722,-0.018767500296235085,
-0.0063850125297904015,0.003171584801748395,
-0.023986738175153732,0.011840440332889557,
-0.029188700020313263,-0.005085320211946964,
0.0327700711786747,0.044370975345373154,
-0.03502041473984718,0.04310178384184837,
-0.014729924499988556,0.009205387905240059,
0.034466031938791275,0.013457130640745163,
0.010416119359433651,0.027246225625276566,
0.027103303000330925,-0.007451878860592842,
-0.00877849105745554,0.035207513719797134,
-0.031130220741033554,0.028052380308508873,
-8.46725597511977e-05,0.0015705638797953725,
0.0016191004542633891,-0.008777013048529625,
0.05179964378476143,0.013064613565802574,
0.037060752511024475,-0.0029443451203405857,
-0.004779990762472153,-0.04581652209162712,
-0.013095898553729057,0.008619861677289009,
-0.03293634578585625,-0.032850075513124466,
0.010933558456599712,0.002910241251811385,
0.00936584360897541,-0.06224946305155754,
-0.004528540652245283,-0.0341537781059742,
-0.002034067874774337,0.0429360494017601,
0.002250721212476492,-0.04284418001770973,
-0.02292720042169094,0.01940024271607399,
0.010864743031561375,0.037241026759147644,
0.01500893384218216,0.013823105953633785,
0.04162655770778656,0.006557059939950705,
0.010226712562143803,0.011524831876158714,
0.00752200186252594,-0.005691452883183956,
0.0015674256719648838,-0.012405727989971638,
0.02956475131213665,0.0009655090398155153,
0.021580439060926437,0.002473265863955021,
0.024650532752275467,0.022432416677474976,
-0.009781773202121258,0.0040722377598285675,
-0.02294834703207016,-0.0003736636135727167,
0.002995635848492384,0.04552523419260979,
0.023684721440076828,-0.01737172342836857,
0.0193353071808815,0.013422377407550812,
5.8026857004733756e-05,-0.01943962089717388,
0.0005845631239935756,0.006795063614845276,
0.036306723952293396,-0.020382754504680634,
0.06400337815284729,0.016606908291578293,
0.002501394599676132,0.00790481362491846,
0.0547742135822773,-0.027635280042886734,
-0.010820996016263962,0.023004742339253426,
0.015163930132985115,-0.029725925996899605,
-0.009308057837188244,0.028090286999940872,
0.028118625283241272,0.00329524464905262,
-0.01181251835078001,-0.022079113870859146,
0.0423576757311821,0.02230473794043064,
0.030268482863903046,-0.004947465844452381,
0.0042320191860198975,-0.0030180823523551226,
0.011022049933671951,0.03499458357691765,
-0.003628685139119625,-0.016019562259316444,
0.022140366956591606,0.008931716904044151,
-0.010489308275282383,0.0060369293205440044,
-0.003930089063942432,0.044807031750679016,
-0.0023724159691482782,-0.0060696774162352085,
-0.021564273163676262,-0.016028279438614845,
-0.00943636056035757,0.0004240605921950191,
-0.00281277927570045,0.03833390772342682,
-0.0034019052982330322,0.024012384936213493,
-0.017755603417754173,-0.015567686408758163,
0.002172812819480896,-0.00862076971679926,
-0.019018415361642838,-0.0035755778662860394,
-0.060543984174728394,-0.04262671247124672,
0.015536900609731674,-0.03924335166811943,
-0.021862836554646492,0.004900545813143253,
0.01002074871212244,-0.012796019203960896,
0.030480563640594482,0.027433957904577255,
-0.00022759748389944434,0.04397127777338028,
-0.042058851569890976,0.033373598009347916,
0.002280196640640497,0.012634770013391972,
0.01573650725185871,-0.024046119302511215,
0.05210455507040024,0.009956486523151398,
0.008555974811315536,0.012965875677764416,
0.028300635516643524,-0.022087253630161285,
-0.012462596409022808,0.01620345003902912,
-0.022927774116396904,0.03246375173330307,
0.013878904283046722,-0.05479738116264343,
-0.015432811342179775,0.01412974763661623,
0.014130281284451485,-0.007141951471567154,
0.027830304577946663,-0.01804233528673649,
-0.0024173068813979626,-0.017747288569808006,
0.002215359592810273,0.008801186457276344,
0.03693030774593353,-0.03430311009287834,
0.017972178757190704,-0.011783774010837078,
-0.01377097051590681,-0.01879173144698143,
0.024703895673155785,0.005005618091672659,
0.023766426369547844,0.020864829421043396,
0.03237702324986458,-0.02011069282889366,
0.021131956949830055,0.016870636492967606,
-0.02446618117392063,-0.012207879684865475,
0.011142573319375515,0.004735941998660564,
0.0070338379591703415,-0.01790734753012657,
-0.010505086742341518,-0.009186803363263607,
-0.0056753577664494514,-0.02382376603782177,
-0.011864443309605122,-0.01800438202917576,
0.019901782274246216,0.03860505670309067,
-0.05545229837298393,-0.04338253289461136,
0.00674897525459528,0.012602106668055058,
-0.04228871315717697,0.014907075092196465,
-0.0038818640168756247,-0.00401892838999629,
0.008198271505534649,0.012091525830328465,
-0.0023564074654132128,-0.02107681706547737,
0.005726793315261602,-0.005812325514853001,
0.01336356159299612,-0.0404033288359642,
0.026901740580797195,-0.02692173421382904,
-0.027975575998425484,-0.006394124589860439,
0.030472692102193832,0.006005711853504181,
-0.012213258072733879,0.03937492519617081,
-0.005319968331605196,0.008672789670526981,
0.027047067880630493,-0.008765761740505695,
-0.005710160825401545,-0.012865561991930008,
-0.04075848311185837,0.009740052744746208,
0.029958736151456833,0.012381614185869694,
0.008020568639039993,-0.01509853359311819,
-0.04150315374135971,-0.005086188204586506,
-0.0028966034296900034,-0.004947405308485031,
0.011696984060108662,0.0343448743224144,
-0.0007913614972494543,0.0027819194365292788,
0.029997557401657104,0.02906039170920849,
-0.02285868301987648,0.02181834541261196,
-0.01831568405032158,-0.01524538267403841,
0.026348786428570747,0.0251341350376606,
-0.017710190266370773,-0.025159159675240517,
0.015793871134519577,0.010112020187079906,
-0.0462966151535511,0.016023188829421997,
-0.0291574876755476,0.0001397670421283692,
-0.016550617292523384,-0.018346622586250305,
0.010663260705769062,0.010947944596409798,
0.013581321574747562,0.021894916892051697,
0.035508520901203156,-0.006528867874294519,
0.0024251218419522047,0.012685288675129414,
0.0048095653764903545,-0.012277894653379917,
0.026848945766687393,-0.03521529212594032,
-0.000186371267773211,-0.0018712370656430721,
0.0406218022108078,-0.009824689477682114,
-0.01193180587142706,-0.019720589742064476,
0.010853874497115612,0.003965741954743862,
0.01932530477643013,0.021803850308060646,
0.023109572008252144,-0.015367780812084675,
-0.022585226222872734,-0.027113918215036392,
0.006965190637856722,-0.016246484592556953,
0.02094605565071106,-0.0020126933231949806,
0.004835185594856739,-0.019939739257097244,
-0.02978191338479519,0.01842593587934971,
-0.027735143899917603,0.005727235693484545,
-0.01030659768730402,-0.0021237730979919434,
0.01563575677573681,-0.026442313566803932,
0.050586290657520294,-0.0012093795230612159,
0.0001862104400061071,-0.04712950065732002,
-0.005456750281155109,0.022042199969291687,
0.01648303121328354,-0.018654020503163338,
0.042545903474092484,-0.00965533871203661,
0.0032042996026575565,0.03534094989299774,
-0.000697373179718852,0.011928225867450237,
-0.04745456203818321,-0.0336892195045948,
0.016618231311440468,0.03490659222006798,
-0.034774333238601685,-0.001233141403645277,
0.01018413808196783,0.029716746881604195,
-0.007009830325841904,-0.02119884453713894,
0.027880502864718437,0.001122698769904673,
-0.013827894814312458,0.04206230491399765,
0.013083325698971748,-0.03630329668521881,
0.005606491584330797,-0.014356056228280067,
-0.010767892003059387,-0.002931724302470684,
-0.013385885395109653,0.022474100813269615,
-0.005076102912425995,0.030512070283293724,
-0.0017219285946339369,-0.026040147989988327,
0.011828146874904633,-0.02336624078452587,
0.07150772213935852,0.009489677846431732,
0.014388765208423138,-0.02098490297794342,
-0.02822324074804783,-0.015701867640018463,
-0.007130356505513191,-0.004608220886439085,
-0.01807353086769581,0.004788196180015802,
0.026008466258645058,-0.02225569076836109,
0.01126671489328146,-0.03512627258896828,
0.021378550678491592,-0.010497069917619228,
-0.02065238729119301,-0.031185435131192207,
0.004695366136729717,-0.015272133983671665,
-0.02555455081164837,0.029597003012895584,
0.054408371448516846,0.013577669858932495,
0.0034932021517306566,-0.043234460055828094,
0.018645601347088814,-0.011240869760513306,
-0.02117234095931053,-0.006267667748034,
-0.014490041881799698,-0.04200887680053711,
0.008664719760417938,-0.01018680538982153,
0.028016142547130585,-0.0044487896375358105,
-0.0290839821100235,0.004896747414022684,
-0.0004693024675361812,0.03770701587200165,
-0.015468087047338486,-0.012506803497672081,
0.0431402325630188,0.033710967749357224,
0.011528159491717815,0.0006680995575152338,
0.024567468091845512,0.010537431575357914,
-0.0012876441469416022,0.03119814768433571,
-0.005008946172893047,0.01647566445171833,
0.00526026776060462,-0.005251730792224407,
-0.0003851474029943347,0.0027266263496130705,
-0.010974371805787086,0.016080493107438087,
0.03458553925156593,0.003941974602639675,
-0.033340152353048325,-0.024944894015789032,
0.020686564967036247,0.03530094027519226,
-0.020871637389063835,-0.0007250708295032382,
0.0029319720342755318,-0.02818400226533413,
0.02638203836977482,-0.004285216797143221,
-0.013411274179816246,-0.019266147166490555,
0.07135439664125443,-0.01216050237417221,
-0.06360755115747452,0.014076284132897854,
-0.02324412576854229,0.006243870593607426,
0.011690509505569935,0.02469540759921074,
-0.02143865078687668,0.003852855646982789,
-0.009219403378665447,0.03256996348500252,
-0.009111030958592892,0.0036741739604622126,
-0.015706675127148628,0.006161449011415243,
-0.009607483632862568,-0.026095926761627197,
-0.012502065859735012,-0.014904329553246498,
0.006375693250447512,0.013420399278402328,
0.055116742849349976,0.025873159989714622,
0.033500418066978455,0.01829397864639759,
-0.03332765772938728,-0.02442156709730625,
-0.00887144636362791,0.012735131196677685,
0.021517520770430565,-0.01227217074483633,
0.01084817573428154,0.00494187930598855,
-0.006044871639460325,0.004656645469367504,
0.002834889804944396,0.020714139565825462,
0.021383607760071754,-0.0031452260445803404,
0.002094125375151634,0.003998026717454195,
0.025162287056446075,0.00045982288429513574,
-0.016506031155586243,0.007994015701115131,
0.026723453775048256,0.009809495881199837,
0.01912948675453663,-0.020859740674495697,
-0.011783655732870102,-0.021916596218943596,
0.00832078605890274,-0.010962317697703838,
0.0365457646548748,0.008532848209142685,
-0.03329043835401535,-0.014307468198239803,
0.02888476848602295,-0.012612317688763142,
-0.020184257999062538,0.0007876238087192178,
0.009392482228577137,0.004838992841541767,
0.06251107901334763,0.022560082376003265,
-0.028488434851169586,-0.021144678816199303,
-0.01890880987048149,-0.019755976274609566,
-0.01189944427460432,-0.01757398620247841,
-0.0060631330125033855,-0.014331565238535404,
0.012846323661506176,-0.036824971437454224,
0.01720716804265976,-0.03548119589686394,
-0.05590691417455673,-0.0032954334747046232,
0.011654038913547993,-0.0003539319441188127,
-0.010636617429554462,-0.02136136218905449,
-0.027563851326704025,-0.0028031249530613422,
-0.011310962960124016,0.030885014683008194,
-0.008823013864457607,0.01734519563615322,
-0.002411846537142992,0.012351338751614094,
-0.01837529055774212,0.0042814151383936405,
0.007800247520208359,-0.004173637833446264,
-0.03864186629652977,0.0014266174985095859,
-0.005282909609377384,0.00046489614760503173,
-0.028136758133769035,0.0006222501979209483,
-0.011723855510354042,-0.026701513677835464,
-0.010343293659389019,0.009873096831142902,
-0.004303380846977234,0.008047199808061123,
0.002465997589752078,0.023209432139992714,
-0.018383778631687164,-0.0029502753168344498,
0.012265816330909729,0.0027078355196863413,
-0.005453042685985565,0.02669990248978138,
-0.011751852929592133,0.018810635432600975,
-0.015291708521544933,-0.01432715356349945,
-0.01901070401072502,-0.01080784946680069,
-0.03204710781574249,0.008069067262113094,
-0.0031827446073293686,0.016100764274597168,
-0.012919669970870018,0.004423295147716999,
0.006416371092200279,0.015537679195404053,
0.03095046989619732,-0.011686665005981922,
-0.01873759925365448,-0.013064361177384853,
0.014554089866578579,0.009671924635767937,
-0.00238298368640244,0.002453198656439781,
0.042599793523550034,0.032743584364652634,
-0.012877272441983223,-0.018950998783111572,
-0.018967704847455025,-0.046948522329330444,
-0.0028565097600221634,0.015778949484229088,
-0.00803320575505495,-0.019300514832139015,
0.017076630145311356,-0.026583107188344002,
0.009633716195821762,0.05374624580144882,
-0.0027601411566138268,0.013636278919875622,
0.03784451633691788,-0.001673110295087099,
-0.018131542950868607,0.0005460787797346711,
0.02019287459552288,0.0094674751162529,
-0.008099094033241272,-0.013479557819664478,
-0.007693516090512276,-0.03256308659911156,
0.00961131602525711,-0.018978707492351532,
-0.03524700179696083,0.0014814967289566994,
0.033205486834049225,-0.006653354037553072,
-0.023228125646710396,-0.006636140868067741,
-0.0251165684312582,-0.016509031876921654,
-0.0012448829365894198,0.020885000005364418,
-0.02987276203930378,0.011883617378771305,
2.565598515502643e-05,0.014968408271670341,
0.00047906345571391284,0.004132356960326433,
0.00013867442612536252,-0.015316914767026901,
0.007938580587506294,-0.004955756012350321,
-9.049515938386321e-05,0.013287095353007317,
-0.021913833916187286,-0.008035748265683651,
-0.008316722698509693,-0.003177921287715435,
-0.007541059050709009,-0.0019164305413141847,
-0.021684007719159126,-0.01708645187318325,
0.007154551334679127,0.01086609810590744,
0.026902880519628525,-0.0008732929127290845,
-0.021170511841773987,-0.04524724930524826,
6.600205233553424e-05,-0.0023692739196121693,
-0.015159246511757374,0.039193931967020035,
0.030063718557357788,0.010831658728420734,
-0.03048722818493843,-0.005069143604487181,
-0.024166544899344444,-0.000300967221846804,
0.0006976231816224754,0.020198000594973564,
-0.03119080327451229,0.027976255863904953,
-0.021039187908172607,0.013333465903997421,
-0.03149920701980591,-0.006876393686980009,
0.006810397375375032,-0.01393849030137062,
-0.021362602710723877,-0.02465292066335678,
-0.016567377373576164,-0.046409133821725845,
0.011232396587729454,-0.0061251381412148476,
0.03437502682209015,0.023723475635051727,
-0.019016439095139503,0.007521601393818855,
-0.009112497791647911,-0.030083440244197845,
0.017253926023840904,0.0018368334276601672,
-0.03152880072593689,0.009627345018088818,
0.04089228808879852,0.0018591545522212982,
0.020413178950548172,0.01693638786673546,
-0.02469279058277607,0.00553407147526741,
0.004340025596320629,-0.008628146722912788,
-0.021985916420817375,-0.01274137943983078,
-0.006753838621079922,-0.011241808533668518,
-0.02831391990184784,0.01779833436012268,
0.04187377169728279,-0.0008836105698719621,
0.030637789517641068,0.0020859865471720695,
-0.012380759231746197,-0.014543112367391586,
-0.022655023261904716,0.00291614537127316,
-0.023826219141483307,-0.01912713050842285,
0.008817934431135654,-0.002605316461995244,
0.029980672523379326,0.0032125699799507856,
-0.053357865661382675,0.006153046153485775,
-0.016050472855567932,-0.024873649701476097,
-0.012230707332491875,0.012838314287364483,
0.031403761357069016,-0.006719761528074741,
0.0012304342817515135,0.04617596045136452,
-0.008372433483600616,-0.0012550459941849113,
-0.008255859836935997,0.021376674994826317,
-0.006330183241516352,-0.03372590243816376,
0.04286627471446991,0.013757686130702496,
0.011261851526796818,-0.009573888964951038,
-0.02259017899632454,0.02117978408932686,
0.02361634559929371,0.008349570445716381,
-0.04449189826846123,-0.006607908755540848,
-0.020285431295633316,-0.007006155326962471,
-0.005196376238018274,-0.030305804684758186,
-0.016231371089816093,0.03230149298906326,
-0.03053300455212593,-0.011545240879058838,
0.029668504372239113,-0.04090741276741028,
0.023863323032855988,0.014127512462437153,
-0.008278962224721909,0.01656702533364296,
-0.008438780903816223,-0.03778093308210373,
0.03400791063904762,-0.00704682432115078,
0.004879625514149666,-0.022129924967885017,
0.03854869678616524,-0.03635035455226898,
0.014535513706505299,0.025504909455776215,
0.005438815336674452,-0.04300585016608238,
-0.004058219026774168,0.00401972746476531,
0.027632754296064377,-0.003212997689843178,
0.031167499721050262,-0.0077123395167291164,
-0.01739238202571869,0.043272655457258224,
0.011502498760819435,-0.004734959919005632,
0.023589562624692917,-0.0014793997397646308,
0.004717210307717323,0.009578031487762928,
0.007033952046185732,0.02993200719356537,
-0.010675664991140366,-0.003855241695418954,
-0.019216077402234077,-0.022683029994368553,
0.014510834589600563,-0.03017045184969902,
0.013113504275679588,0.030093973502516747,
0.00671207532286644,0.00041263678576797247,
-0.00015832889766898006,0.004910409450531006,
-0.017470410093665123,0.0006874477257952094,
-0.005093810148537159,-0.003695398336276412,
0.012109480798244476,-0.025875067338347435,
0.007418410386890173,0.02535061724483967,
0.004344584885984659,-0.010412042029201984,
-0.008893565274775028,-0.034786615520715714,
0.03156916797161102,-0.015607524663209915,
0.0007962880772538483,0.039155613631010056,
0.04190782085061073,0.019485756754875183,
-0.009436080232262611,-0.006054629106074572,
0.010801953263580799,0.0020393242593854666,
0.01577097177505493,-0.014800003729760647,
-0.014721437357366085,-0.02951836585998535,
0.04847404733300209,0.010690772905945778,
0.020836396142840385,0.017849596217274666,
-0.007335029076784849,0.0007873866125009954,
-0.026951013132929802,-0.0030030079651623964,
-0.020626794546842575,0.030491922050714493,
-0.013932584784924984,0.010208526626229286,
-0.003405112074688077,-0.0005902859847992659,
-0.007996761240065098,-0.0022223256528377533,
0.0015489055076614022,0.012292012572288513,
0.029924070462584496,-0.06588923186063766,
-0.002948216861113906,-0.01755332387983799,
-0.018764059990644455,-0.00650749122723937,
-0.018528763204813004,0.008141042664647102,
-0.008499380201101303,0.014116574078798294,
0.01097160391509533,0.01706804521381855,
0.004648042842745781,-0.03458486124873161,
-0.015703175216913223,0.00963048730045557,
0.014112463220953941,-0.044346775859594345,
0.017861783504486084,-0.016411224380135536,
0.007301768288016319,0.0003387235919944942,
-0.014816922135651112,-0.01357240043580532,
-0.022932616993784904,0.004428451880812645,
-0.02996511198580265,0.025262193754315376,
-0.036033570766448975,0.015052703209221363,
0.011526539921760559,-0.043712664395570755,
-0.05749516934156418,0.012327921576797962,
-0.005523588974028826,0.0336882583796978,
0.013142252340912819,-0.04254336655139923,
-0.014738081023097038,-0.027458392083644867,
5.0727991038002074e-05,-0.013898160308599472,
0.02021712251007557,-0.00963102001696825,
0.02004621922969818,1.8505792468204163e-05,
-0.014129485934972763,0.018081391230225563,
0.012643910944461823,0.014795283786952496,
0.00845434982329607,-0.011427638120949268,
0.01297147385776043,-0.018694113940000534,
0.007149787154048681,-0.03185238689184189,
-0.019526328891515732,-0.01926189288496971,
-0.007973868399858475,-0.011600208468735218,
-0.02325308322906494,-0.004114761482924223,
-0.012598316185176373,-0.017446592450141907,
-0.019864199683070183,0.0352691225707531,
0.023302413523197174,0.03053445927798748,
-0.061768338084220886,0.029500864446163177,
-0.03164924681186676,0.012207888066768646,
0.03229198232293129,-0.005406580399721861,
-0.006841643713414669,-0.026357948780059814,
0.02348146215081215,-0.02901720628142357,
0.022942939773201942,0.04171489551663399,
0.046375442296266556,-0.012069562450051308,
0.007752090692520142,0.01961071416735649,
-0.008542412891983986,-0.032645732164382935,
-0.010789928026497364,0.008258459158241749,
0.01747891865670681,0.026249540969729424,
0.014447576366364956,0.022361574694514275,
-0.005070015788078308,-0.003708858974277973,
0.030559835955500603,0.060783471912145615,
-0.016276458278298378,-0.0012015278916805983,
0.025339888408780098,-0.020134903490543365,
0.006295227911323309,0.00224072253331542,
-0.02971893548965454,0.036744289100170135,
-0.040785565972328186,0.029871560633182526,
0.00038388901157304645,0.010700443759560585,
-0.0007715370738878846,-0.037757180631160736,
-0.0019862987101078033,-0.0027695850003510714,
-0.023602887988090515,-0.024987591430544853,
0.013831479474902153,0.04501819610595703,
-0.022354448214173317,0.009274832904338837,
0.004728979431092739,-0.0025423269253224134,
0.0001978382933884859,-0.012847844511270523,
-0.04566699638962746,0.0007542186649516225,
0.02301151305437088,0.016218379139900208,
-0.014631041325628757,0.0170554481446743,
-0.012381884269416332,-0.03235035389661789,
0.02228257991373539,0.010496224276721478,
-0.015806788578629494,-0.025064677000045776,
-0.0301496684551239,-0.01119072176516056,
0.012087298557162285,-0.0018157546874135733,
-0.003987303003668785,-0.009190605022013187,
0.01819509081542492,-0.013363792560994625,
0.027136903256177902,0.005780004430562258,
0.01648676209151745,-0.025042740628123283,
0.03525683283805847,-0.03151913732290268,
0.0009454733808524907,0.003226888831704855,
0.020571844652295113,0.0332985483109951,
0.014354988932609558,0.015777239575982094,
0.02514995075762272,-0.0067132702097296715,
0.005416591186076403,0.0022056305315345526,
-0.029575757682323456,-0.002446231432259083,
-0.035460542887449265,-0.00747092068195343,
0.009351699613034725,6.091362229199149e-05,
0.01944991946220398,-0.019626135006546974,
-0.0021985506173223257,0.02886381559073925,
-0.024722779169678688,0.008709088899195194,
-0.00856686569750309,-0.03514280915260315,
0.02012837491929531,0.001241915044374764,
0.005350605584681034,-0.001675915438681841,
0.03090028278529644,-0.021119482815265656,
0.0012529344530776143,0.003019765019416809,
0.001335957320407033,0.0017808828270062804,
0.027885498479008675,0.017022183164954185,
-0.02665926143527031,-0.0046004303731024265,
-0.019504418596625328,0.012707356363534927,
0.0071839322336018085,0.008202715776860714,
-0.020868394523859024,-0.046560853719711304,
0.03995635360479355,-0.01746196672320366,
-0.00536588067188859,-0.010021591559052467,
-0.02694876864552498,-0.006003869231790304,
0.007921397686004639,-0.018287157639861107,
-0.0034939732868224382,-0.014449439942836761,
-0.027814624831080437,0.011675026267766953,
0.017483429983258247,-0.01713237352669239,
0.04898080602288246,-0.011800961568951607,
-0.00838448479771614,-0.0006635499885305762,
0.04534616693854332,0.02279529720544815,
-0.03088666871190071,-0.017281807959079742,
-0.01619098335504532,0.021568166092038155,
0.011751699261367321,0.0203552208840847,
0.009442316368222237,-0.016086189076304436,
0.03159362077713013,0.0072604212909936905,
0.028345905244350433,-0.0276549831032753,
-0.03187404200434685,0.006988216191530228,
0.021590998396277428,-0.029744938015937805,
-0.022004660218954086,0.018404394388198853,
0.009012519381940365,-0.012942727655172348,
-0.036910418421030045,-0.043990544974803925,
-0.0009032945963554084,-0.0368037223815918,
-0.018001647666096687,-0.016898825764656067,
-0.03855361416935921,0.01541054155677557,
0.007301907055079937,-0.004261092282831669,
-0.0032334194984287024,0.017558706924319267,
-0.017939331009984016,0.008371799252927303,
-0.031309906393289566,-0.0011774752056226134,
-0.026101332157850266,-0.006448559463024139,
0.06312983483076096,0.0009247090201824903,
0.014321384020149708,0.0026953313499689102,
-0.00982036255300045,0.04078943654894829,
-0.0024867593310773373,0.0015972635010257363,
-0.008435951545834541,0.022820642217993736,
-0.020808059722185135,-0.03592430427670479,
-0.003673067782074213,-0.0031504121143370867,
-0.021796563640236855,0.020428502932190895,
-0.005689781624823809,0.025731651112437248,
-0.015096013434231281,-0.032827336341142654,
0.018335964530706406,-0.018329422920942307,
-0.01594025082886219,0.02335796132683754,
-0.027775119990110397,-0.011714168824255466,
0.012150047346949577,0.049099985510110855,
0.022565580904483795,0.0072513665072619915,
-0.04608174040913582,0.03370211273431778,
-0.007556867320090532,-0.005748277064412832,
0.026681696996092796,0.017428627237677574,
-0.04411591589450836,0.008757183328270912,
-0.019600916653871536,0.011165710166096687,
-0.01230702269822359,-0.017928477376699448,
0.018043436110019684,0.00797139573842287,
-0.020783212035894394,0.007149853743612766,
-0.011158597655594349,0.02761705219745636,
-0.002433227840811014,-0.007482283748686314,
0.021505795419216156,0.015905268490314484,
-0.006357294972985983,0.023034509271383286,
0.05932856723666191,0.0014518826501443982,
0.02755616419017315,0.016180915758013725,
0.002876850077882409,-0.024554666131734848,
-0.0005100985872559249,0.01020115613937378,
-0.025540394708514214,-0.027628855779767036,
-0.031187236309051514,0.012953454628586769,
-0.04562763124704361,0.04569385200738907,
0.00046566600212827325,-0.0057783834636211395,
-0.008767805062234402,0.015469789505004883,
0.0003938268928322941,-0.02901206910610199,
-0.011180399917066097,-0.04424377530813217,
0.008541494607925415,0.0033676668535917997,
-0.043479207903146744,-0.015390155836939812,
0.024737633764743805,-0.043791744858026505,
0.0014661726308986545,0.016409331932663918,
-0.005199662409722805,-0.027035122737288475,
-0.007832241244614124,0.017259981483221054,
0.06497558951377869,-0.024005519226193428,
-0.015302122570574284,0.008020749315619469,
-0.028563402593135834,-0.004317442420870066,
0.0016672140918672085,-0.019809667021036148,
0.02263055555522442,0.003889355342835188,
-0.007205995265394449,0.02381431683897972,
0.0072937048971652985,-0.02009688690304756,
0.001976077212020755,0.008773976936936378,
0.00024457735707983375,0.06888528913259506,
0.003371309954673052,-0.028076207265257835,
-0.025583410635590553,0.0032135325018316507,
-0.008343245834112167,0.0009760229731909931,
-0.009459883905947208,0.00818176381289959,
0.00774717191234231,0.007821601815521717,
-0.009845495223999023,-0.004762549884617329,
0.019415708258748055,-0.01794886775314808,
0.006552846170961857,-0.0053232633508741856,
0.022729942575097084,0.008877260610461235,
0.022808989509940147,-0.0066744135692715645,
-0.004685333464294672,-0.018325187265872955,
-0.013814183883368969,0.0018794857896864414,
-0.03694992512464523,-0.013178026303648949,
0.006898417137563229,0.007046671584248543,
0.012820841744542122,-0.0016265433514490724,
-0.0017106083687394857,0.00020975410006940365,
0.009896391071379185,-0.004836694803088903,
-0.028037210926413536,-0.02234817110002041,
0.04783983901143074,-0.03406510874629021,
-0.02518104761838913,0.0029124985449016094,
-0.004050401505082846,-0.020486552268266678,
-0.045168109238147736,0.040559422224760056,
0.0559392087161541,-0.008207789622247219,
-0.00510884914547205,0.011617579497396946,
0.040420979261398315,-0.026661455631256104,
0.005547746550291777,-0.007495310623198748,
-0.00429577985778451,-0.009719793684780598,
-9.039365977514535e-05,-0.04896518588066101,
0.031447313725948334,-0.02782541513442993,
0.009620355442166328,-0.005259745288640261,
0.024122029542922974,-0.005170383956283331,
0.027055911719799042,0.05063917860388756,
0.007877605967223644,0.03356942534446716,
-0.023114368319511414,0.012285361997783184,
-0.002776713576167822,0.008651063777506351,
-0.01197622437030077,0.01454994361847639,
0.0009396150126121938,0.026162516325712204,
-0.0341048464179039,0.011031564325094223,
-0.01651780493557453,0.019523339346051216,
-0.014630163088440895,-0.012061177752912045,
-0.0332706943154335,0.037897270172834396,
0.011782906018197536,-0.021688375622034073,
-0.03427927568554878,0.03517507389187813,
0.01275127287954092,0.04140547662973404,
0.010185817256569862,-0.04003417119383812,
0.006695493124425411,-0.02553609013557434,
0.025357568636536598,-0.00946816336363554,
0.027374980971217155,-0.0189437847584486,
-0.0033647860400378704,0.015106300823390484,
-0.016273029148578644,-0.04041002690792084,
-0.018088750541210175,-0.005237541161477566,
0.03930284455418587,0.008783048018813133,
0.014657916501164436,0.02017086185514927,
-0.018299469724297523,-0.04133470728993416,
0.02404763549566269,-0.012209995649755001,
-0.054910771548748016,-0.003927300218492746,
-0.01589568704366684,-0.018292315304279327,
0.009046949446201324,-0.00642121909186244,
0.017856966704130173,-0.009930958971381187,
0.03984497860074043,-0.029846157878637314,
-0.02437177486717701,-0.00046644682879559696,
0.008654712699353695,0.0030406368896365166,
0.0012425414752215147,0.004062867723405361,
-0.04856967553496361,-0.021898873150348663,
0.03950788080692291,0.020349586382508278,
0.001444210414774716,0.024535158649086952,
0.0037356200627982616,0.002382018370553851,
0.04348151758313179,0.01642560213804245,
-0.046082694083452225,-0.0014448687434196472,
0.00876461248844862,-0.03169124945998192,
0.008791420608758926,-0.0115205654874444,
0.001946628442965448,-0.023176003247499466,
0.008559189736843109,0.007359892595559359,
0.04397737607359886,-0.003637167625129223,
-0.05403874069452286,-0.020165059715509415,
-0.04795757681131363,-0.03685370832681656,
-0.008612959645688534,-0.014890141785144806,
0.01928851567208767,-0.013384990394115448,
-0.02621123567223549,0.025029368698596954,
-0.02205147035419941,-0.019088611006736755,
0.019901776686310768,0.02705169841647148,
-0.012425943277776241,0.016695106402039528,
-0.03362707421183586,0.0113995261490345,
0.0013037867611274123,0.025580650195479393,
-0.010780461132526398,-0.0030620063189417124,
0.03680187836289406,-0.0309394933283329,
0.002926244866102934,-0.019079694524407387,
-0.005026186350733042,-0.040348220616579056,
0.011396233923733234,-0.012208296917378902,
-0.009597104974091053,0.07369846105575562,
0.017439015209674835,-0.009876452386379242,
-0.01426728442311287,0.028053417801856995,
0.000870328105520457,-0.0078035020269453526,
-0.007794584147632122,0.004914681427180767,
-0.014072000980377197,0.02543708123266697,
-0.018523504957556725,-0.004983957391232252,
-0.010181532241404057,-0.011544404551386833,
-0.016006020829081535,0.020654428750276566,
0.007841397076845169,-0.02061876468360424,
-0.024763718247413635,0.013118925504386425,
-0.02659422904253006,-0.026633981615304947,
0.013651051558554173,0.005520481150597334,
-0.00016810843953862786,0.04691300913691521,
-0.014986882917582989,-0.014072392135858536,
0.008101224899291992,0.019439484924077988,
-0.008726385422050953,-0.022870125249028206,
0.004399365279823542,0.007163966540247202,
-0.00392114045098424,-0.00021314479818101972,
-0.03982799872756004,0.04797344282269478,
-0.02258867397904396,0.006694888696074486,
-0.019226625561714172,0.04178451746702194,
0.006418898236006498,0.01039725448936224,
0.0014553619548678398,0.002923779422417283,
0.02722460962831974,0.007604273967444897,
0.015046171844005585,-0.008665371686220169,
-0.036302559077739716,0.002248246455565095,
0.017810126766562462,-0.01992587000131607,
0.02088884264230728,0.018479758873581886,
-0.009002636186778545,0.017334332689642906,
-0.002674353076145053,0.017121534794569016,
0.009014535695314407,0.023225707933306694,
-0.028742048889398575,-0.03818747401237488,
0.00853264331817627,-0.009406335651874542,
-0.03510727733373642,0.021802853792905807,
0.03362087160348892,0.01629200391471386,
-0.013154426589608192,-0.003962184768170118,
0.010557758621871471,-0.01705164648592472,
0.020893186330795288,0.01179303415119648,
0.012303778901696205,-0.028365550562739372,
-0.01053461804986,-0.015737339854240417,
-0.01818349026143551,0.00603141263127327,
0.014732841402292252,0.028612520545721054,
-0.023587338626384735,0.0001418302272213623,
0.029641686007380486,0.0024345763958990574,
-0.013112286105751991,0.0037506434600800276,
0.02075563184916973,0.01144690066576004,
0.005604812875390053,0.014986247755587101,
-0.014740929938852787,-0.015874093398451805,
0.05070411041378975,-0.024919705465435982,
-0.008224467746913433,-0.009807385504245758,
0.01886248216032982,0.007713747210800648,
0.006331054959446192,0.002608469920232892,
0.006009151227772236,-0.007321103475987911,
0.01411164179444313,0.027954768389463425,
-0.01099386066198349,0.033134326338768005,
-0.011025755666196346,0.008124623447656631,
-0.04042144492268562,0.00940905325114727,
-0.03309416398406029,0.020052595064044,
-0.0024306525010615587,-0.027254687622189522,
0.017096955329179764,-0.025851063430309296,
0.022250819951295853,-0.009077658876776695,
0.009318000636994839,0.009099972434341908,
0.006554918363690376,0.00789538025856018,
-0.03681352734565735,-0.010273586958646774,
-0.012048941105604172,-0.011165055446326733,
0.049677908420562744,0.013873288407921791,
0.014837091788649559,0.011646110564470291,
0.009819475002586842,0.0064437235705554485,
-0.011872079223394394,-0.03467279300093651,
0.02653445117175579,-0.017177963629364967,
0.01858299784362316,0.004666777327656746,
0.007399274036288261,0.01751810871064663,
0.004646101500838995,-0.019887130707502365,
0.009953568689525127,0.02014848403632641,
0.0054085105657577515,-0.04091861844062805,
0.01905198022723198,0.00952758640050888,
-0.017184723168611526,-0.0016970846336334944,
-0.009415942244231701,0.016373690217733383,
-0.020118899643421173,-0.02943568304181099,
-0.03320722654461861,-0.008025971241295338,
0.00870013888925314,0.01959448866546154,
0.0051746973767876625,-0.023945562541484833,
-0.00471045495942235,0.009035320952534676,
-0.028731053695082664,0.019828438758850098,
0.04143067076802254,-0.01971616968512535,
-0.004428690765053034,0.012510747648775578,
0.000639581645373255,-0.025542208924889565,
-0.004110615234822035,-0.019412843510508537,
0.03929513320326805,-0.0009307447471655905,
-0.00044647682807408273,-0.012592761777341366,
-0.01113113109022379,0.00875914003700018,
-0.05001591145992279,0.01963159814476967,
-0.05312225967645645,-0.01082155853509903,
-0.00016584039258304983,-0.005786579102277756,
0.010253950953483582,-0.05051562190055847,
-0.03411984443664551,0.010203534737229347,
0.020500537008047104,-0.018136633560061455,
-0.001117565087042749,0.011039718985557556,
0.009662417694926262,0.0030371618922799826,
-0.002350900089368224,0.010890211910009384,
-0.011677323840558529,0.00799789559096098,
0.013242117129266262,-0.022067727521061897,
0.021758198738098145,0.017218559980392456,
-0.0079707782715559,-0.009114550426602364,
-0.0003305051941424608,0.012689363211393356,
0.0033780019730329514,0.017706358805298805,
0.018923455849289894,0.00900306273251772,
0.006825516931712627,0.019173117354512215,
0.0021030879579484463,0.0147844348102808,
0.028805498033761978,-0.0015220696805045009,
-0.0041123852133750916,-0.0019159356597810984,
0.007294468116015196,-0.00860191136598587,
0.03270617499947548,0.022943533957004547,
0.033616188913583755,-0.032456301152706146,
0.03632679954171181,0.016656238585710526,
0.016993146389722824,0.022480353713035583,
-0.04726158455014229,0.03318144753575325,
0.015462414361536503,-0.01663026213645935,
-0.017795350402593613,0.015429390594363213,
-0.02252083830535412,-0.02543066069483757,
-0.031948115676641464,0.02293614111840725,
0.014865818433463573,-0.00697956932708621,
-0.012809168547391891,0.004252095241099596,
-0.010801002383232117,-0.030534792691469193,
0.033116184175014496,0.021741891279816628,
-0.04239972308278084,-0.013567950576543808,
0.019376516342163086,0.019473617896437645,
-0.007632450200617313,-0.02441006898880005,
-0.037269968539476395,-0.005796447396278381,
-0.02954910509288311,0.006044444628059864,
0.003595420392230153,0.032847072929143906,
-0.020280905067920685,0.013200657442212105,
-0.0012426461325958371,0.007703287992626429,
0.0167984738945961,-0.005641138181090355,
-0.011564891785383224,0.0029735469724982977,
0.02352439984679222,0.009553933516144753,
0.016582252457737923,0.014726071618497372,
0.0158921480178833,0.018797781318426132,
0.026848705485463142,-0.001069630146957934,
0.005762504879385233,-0.011538251303136349,
-0.020142661407589912,-0.032778866589069366,
0.02518744394183159,-0.002683264436200261,
-0.0044356053695082664,0.017249085009098053,
0.00764137227088213,0.009650918655097485,
0.00927753560245037,0.010367368347942829,
-0.005880963522940874,-0.01766965351998806,
0.03111390396952629,0.006380985490977764,
-0.02760678343474865,-0.03012358769774437,
0.002451400039717555,0.007299054879695177,
-0.011192793026566505,0.03567727655172348,
-0.006765132769942284,0.01265112217515707,
-0.015477623790502548,0.025554895401000977,
-0.03909922391176224,0.020795783028006554,
0.011070159263908863,0.018931474536657333,
-0.020044079050421715,0.004302314482629299,
0.015552148222923279,0.010187364183366299,
-0.00805573258548975,0.009680679999291897,
0.026555368676781654,-0.006577359512448311,
-0.013471694663167,0.004572391044348478,
-0.02514847368001938,0.02251346781849861,
0.019988413900136948,-0.02820531651377678,
0.00542801758274436,-0.029070204123854637,
0.00645943358540535,-0.002579713938757777,
-0.008469006977975368,-0.011560439132153988,
-0.014324932359158993,0.03174024820327759,
0.045265767723321915,-0.00455560814589262,
-0.005750779528170824,-0.008862423710525036,
0.01236728299409151,0.03295888006687164,
-0.017369350418448448,0.006240096874535084,
0.010287459008395672,0.006290574558079243,
0.004448671825230122,-0.033206772059202194,
-0.006293614394962788,-0.03823153302073479,
-0.0507841557264328,-0.004186450503766537,
0.012928270734846592,-0.009333363734185696,
0.009746401570737362,-0.017451856285333633,
0.002703976584598422,0.007046394981443882,
-0.02787737362086773,0.06749323010444641,
-0.004919849336147308,-0.02659309282898903,
-0.0015551873948425055,0.010441167280077934,
-0.0019179405644536018,0.04107370227575302,
0.028508272022008896,0.008505371399223804,
0.02096465416252613,0.017029831185936928,
0.014854303561151028,0.040030498057603836,
-0.031093737110495567,0.02576322667300701,
-0.016611196100711823,-0.039924606680870056,
0.004185524303466082,-0.04286419600248337,
-0.024131232872605324,0.04012751951813698,
0.0059438422322273254,-0.011714760214090347,
-0.0022857123985886574,-0.032277751713991165,
-0.029004398733377457,0.008883767761290073,
-0.010903199203312397,0.00269674276933074,
-0.01028683502227068,0.02412443608045578,
0.007119463291019201,-0.008851396851241589,
0.046871867030858994,0.00829201377928257,
-0.027864789590239525,0.01892736367881298,
-0.0056876023299992085,-0.02494831755757332,
0.018527042120695114,-0.026388106867671013,
0.024464629590511322,-0.021785451099276543,
0.0018876134417951107,-0.02197607420384884,
-0.004342580214142799,0.010472149588167667,
-0.01724538579583168,0.04201086610555649,
-0.006531259045004845,-0.001384138478897512,
0.037948403507471085,0.028796061873435974,
0.030438993126153946,-0.037516165524721146,
-0.03605649247765541,-0.0319623239338398,
0.044722285121679306,0.03346496447920799,
0.0036206471268087626,0.01683622971177101,
0.017489079385995865,0.017331505194306374,
0.017964234575629234,-0.017183728516101837,
0.06202836334705353,0.005320895463228226,
-0.000650105532258749,0.01765008643269539,
-0.013583647087216377,0.005072352476418018,
0.0018469069618731737,0.0034604929387569427,
-0.009286347776651382,-0.01963333785533905,
-0.013371460139751434,-0.04329228401184082,
-0.04679609462618828,-0.03427418693900108,
-0.0439457967877388,0.003740668296813965,
0.0023916675709187984,0.007577114272862673,
0.00458186212927103,0.012324479408562183,
0.03500508517026901,0.016071919351816177,
-0.0051245251670479774,-0.032425206154584885,
-0.017002396285533905,-0.012906426563858986,
-0.03718133270740509,-0.014179283753037453,
-0.03382904455065727,-0.01560638751834631,
0.02868013083934784,-0.06031329184770584,
0.02819906733930111,-0.02921178750693798,
-0.012044292874634266,0.024282366037368774,
0.010598978959023952,0.01122280303388834,
0.02323441579937935,-0.01061031874269247,
-0.011398091912269592,0.04409480839967728,
0.0020546424202620983,-0.02993648685514927,
-0.008994381874799728,-0.017639555037021637,
-0.0217051412910223,0.03065597638487816,
-0.00014203936734702438,0.02619970589876175,
-0.0036243763752281666,0.03215591982007027,
-0.005253170616924763,0.007466793060302734,
0.0002535908715799451,0.0261735450476408,
-0.02348215878009796,-0.042495377361774445,
0.0030036233365535736,-0.005645541939884424,
0.05158284679055214,0.02420102059841156,
0.02049141936004162,-0.02607416920363903,
0.0024207127280533314,0.0032139779068529606,
0.0006198525661602616,-0.014267990365624428,
0.028457138687372208,-0.005859097931534052,
-0.0013689647894352674,-0.013232450932264328,
0.027410181239247322,-0.011580714024603367,
0.015126097947359085,0.021481793373823166,
-0.016187580302357674,0.02902659960091114,
-0.02167544700205326,-0.010420860722661018,
-4.414635986904614e-05,0.030831288546323776,
0.014764546416699886,-0.007425849791616201,
0.014272266998887062,-0.0098480936139822,
0.04383868724107742,0.006932365708053112,
-0.002580055734142661,0.02210310846567154,
0.013867966830730438,0.01528934109956026,
0.00959205161780119,-0.01657957397401333,
0.004841476678848267,0.0059956940822303295,
0.019918231293559074,-0.02088422328233719,
-0.011674895882606506,0.004380685277283192,
0.001800274127162993,0.015526163391768932,
-0.012064462527632713,-0.013522099703550339,
-0.028600940480828285,0.009386179968714714,
-0.0054558394476771355,0.015734313055872917,
0.011354060843586922,-0.013798968866467476,
-0.01763726770877838,0.013758755289018154,
-0.005118701606988907,0.005253411829471588,
-0.023544035851955414,-0.029283935204148293,
9.9241326097399e-05,-0.00692666694521904,
-0.0034115947782993317,0.0519447848200798,
0.007217992562800646,0.014670089818537235,
-0.02651471644639969,-0.025706589221954346,
-0.0105083417147398,0.04386863484978676,
-0.011029887944459915,0.010699287056922913,
0.0207925196737051,-0.005345525220036507,
0.045467033982276917,0.03479745611548424,
0.05299791693687439,0.029509255662560463,
0.002884804969653487,-0.004116575699299574,
0.008918603882193565,0.0058448719792068005,
-0.0065859961323440075,0.008396958000957966,
0.013612468726933002,0.004453970119357109,
-0.015605839900672436,-0.00024313695030286908,
-0.023323578760027885,0.0058620767667889595,
0.022187232971191406,-0.03639485687017441,
-0.03285422921180725,0.0023220484144985676,
0.012257547117769718,-0.011006920598447323,
-0.038958895951509476,0.014617258682847023,
0.006803681142628193,-0.001314929104410112,
0.01835659146308899,0.006003440357744694,
-0.024535460397601128,0.028023559600114822,
0.015717994421720505,0.007264737505465746,
3.706985808094032e-05,0.01210524421185255,
0.02881075255572796,-0.0029108549933880568,
0.020242439582943916,0.024120941758155823,
-0.02891894429922104,-0.04645099490880966,
-0.017399413511157036,-0.015750227496027946,
-0.03132525086402893,0.0142121696844697,
0.006250682286918163,-0.010560836642980576,
-0.001693058293312788,0.019565384835004807,
-0.006188576575368643,0.031581658869981766,
-0.009334933012723923,-0.009170714765787125,
0.04962825030088425,-0.027257561683654785,
-0.026396486908197403,-0.00517905643209815,
0.008942119777202606,-0.027821283787488937,
-0.035997483879327774,-0.03256954997777939,
-0.016188716515898705,0.0109634418040514,
0.04013554006814957,-0.008885598741471767,
0.032782599329948425,-0.009284011088311672,
0.037904269993305206,0.03192100673913956,
-0.01418285258114338,0.015513850376009941,
0.009592987596988678,-0.003066364675760269,
-0.014271137304604053,0.02003413997590542,
0.05520177632570267,-0.001089168363250792,
-0.00015330887981690466,-0.017126142978668213,
0.003264297964051366,0.0158340223133564,
0.02609850838780403,-0.01559455506503582,
0.030416447669267654,0.04751516506075859,
0.04082325100898743,-0.00531186256557703,
-0.03434894233942032,0.0016936676111072302,
0.009997953660786152,0.02507864497601986,
0.014728105627000332,0.026705913245677948,
0.010125241242349148,-0.005482951179146767,
0.028461173176765442,-0.016156425699591637,
0.007132085505872965,0.025324184447526932,
0.009514637291431427,0.008671514689922333,
-0.0032974861096590757,0.005200831685215235,
0.012560103088617325,-0.035668596625328064,
-0.05674148350954056,0.004033880773931742,
-0.00882650911808014,-0.009786474518477917,
-0.001204442698508501,-0.0058794179931283,
0.020487917587161064,0.0028634534683078527,
-0.030361071228981018,-0.026768924668431282,
-0.0045082420110702515,0.03171109780669212,
0.03409029170870781,0.008177253417670727,
-0.012691091746091843,-0.014840868301689625,
-0.020526094362139702,-0.0008868728764355183,
0.016640815883874893,-0.0019548924174159765,
0.027596501633524895,0.015128077939152718,
0.001349436934106052,-0.01634341850876808,
-0.017329907044768333,-0.017227603122591972,
-0.030572040006518364,0.002619157312437892,
0.021424926817417145,-0.023403946310281754,
-0.013264777138829231,0.007441865745931864,
-0.005784132517874241,0.005798449274152517,
-0.03530493378639221,0.012131642550230026,
0.0319509357213974,-0.05589645728468895,
-0.014324525371193886,-0.017079003155231476,
-0.003455085214227438,0.008458898402750492,
0.017284449189901352,-0.00890696607530117,
-0.02475949004292488,0.02184690348803997,
-0.03178146108984947,0.0008115845848806202,
0.03177254647016525,-0.013888669200241566,
-0.02127997949719429,0.020107876509428024,
0.00791687611490488,-0.00023179234995041043,
-0.009829233400523663,-0.0014448876027017832,
0.009072083979845047,-0.022906403988599777,
0.0019117759075015783,0.03755659610033035,
0.029114434495568275,-0.01648319512605667,
-0.009801031090319157,0.004607962444424629,
-0.014866704121232033,-0.010669346898794174,
-0.0014825431862846017,0.0023520421236753464,
0.004376458469778299,0.0008266651420854032,
-0.007551243994385004,-0.007666099816560745,
-0.03223806619644165,0.042417023330926895,
-0.03010689467191696,-0.00432058097794652,
0.0043556843884289265,-0.0003743031120393425,
-0.012896773405373096,0.0289605762809515,
0.03890642151236534,-0.009489563293755054,
0.003910932224243879,0.0007169346790760756,
0.01783354952931404,-0.0016001395415514708,
-0.014299252070486546,-0.023545101284980774,
-0.02167227491736412,-0.007120576687157154,
0.021992359310388565,-0.0036317743360996246,
0.0006640509236603975,0.029698112979531288,
-0.023767119273543358,-0.04781138524413109,
0.024045921862125397,-0.026602113619446754,
-0.004452146589756012,-0.0028569961432367563,
0.013189212419092655,-0.011723075993359089,
0.0025151227600872517,0.0036603701300919056,
0.014292960055172443,0.016597485169768333,
0.03494727984070778,0.014126145280897617,
0.0077040307223796844,-0.019845562055706978,
0.03745299577713013,0.0076190331019461155,
-0.0076544699259102345,0.00035316470894031227,
-0.001449506264179945,-0.034315988421440125,
0.03722492605447769,0.004608894698321819,
0.011829040944576263,0.002600283594802022,
-0.005111995618790388,0.002209832426160574,
-0.024703919887542725,0.0009036884875968099,
0.043959882110357285,0.0052946642972528934,
0.013223940506577492,-0.006408106070011854,
0.02524406462907791,0.002824683440849185,
0.006816498469561338,-0.02662007324397564,
0.05966736003756523,0.04486032947897911,
0.013682104647159576,0.014791646040976048,
0.049009039998054504,0.013213054277002811,
-0.009744240902364254,0.01631963439285755,
0.03196141496300697,0.024124855175614357,
0.012574435211718082,0.022942280396819115,
0.008602376095950603,0.02244945988059044,
-0.027171839028596878,0.04623115062713623,
0.008446990512311459,-0.033028509467840195,
0.00693647563457489,0.05852118134498596,
0.019941624253988266,0.01263402309268713,
-0.019518407061696053,0.0054054856300354,
0.018182307481765747,0.02942463383078575,
0.003636262146756053,0.029246322810649872,
-0.0047523328103125095,-0.014181056059896946,
0.007341329474002123,-0.013019848614931107,
0.0006002488662488759,0.0054084607400000095,
0.04510905593633652,0.03378031775355339,
-0.042790431529283524,0.017793510109186172,
-0.032558996230363846,0.008569824509322643,
0.008159516379237175,0.007665825542062521,
-0.00133517908398062,-0.008509843610227108,
-0.038155168294906616,-0.017047440633177757,
-0.023387696593999863,-0.001726859132759273,
2.1075873519293964e-05,0.004667886067181826,
-0.028620993718504906,-0.012629739940166473,
0.00988114532083273,-0.009893236681818962,
-0.003800184465944767,-0.029066530987620354,
-0.0030653702560812235,0.019610324874520302,
-0.004014662001281977,-0.008707220666110516,
0.060179077088832855,-0.02600310556590557,
-0.019099431112408638,-0.008363769389688969,
0.0018473274540156126,-0.0005818138015456498,
-0.0082900645211339,0.026540620252490044,
0.006025873124599457,0.012098316103219986,
0.012181015685200691,-0.014946665614843369,
0.009644393809139729,0.028107399120926857,
0.037687867879867554,-0.03407144546508789,
0.04369061440229416,-0.009610177017748356,
0.014961701817810535,0.009335493668913841,
0.006904438603669405,-0.040619608014822006,
0.01834271103143692,-0.023767700418829918,
0.0159577876329422,0.004554085433483124,
-0.00867475476115942,0.0023607683833688498,
-0.055251266807317734,-0.04533100128173828,
0.04003223404288292,-0.003458139020949602,
0.010464450344443321,-0.001205504173412919,
0.027433831244707108,-0.009317265823483467,
0.01945425756275654,-0.033052850514650345,
-0.022018002346158028,-0.012975421734154224,
-0.025074291974306107,-0.009131057187914848,
-0.008562305942177773,-0.03805093094706535,
-0.013947595842182636,0.006793844047933817,
0.011489665135741234,-0.04816722124814987,
-0.008199323900043964,-0.0018942449241876602,
-0.007810972630977631,-0.03567738085985184,
0.019656095653772354,-0.033850058913230896,
0.006810931954532862,-0.01265733316540718,
-0.001586758648045361,-0.02520476095378399,
-0.013469475321471691,-0.00020789334666915238,
0.018332935869693756,0.0019749002531170845,
-0.02870861068367958,0.01596648246049881,
0.018738726153969765,0.0038330252282321453,
0.014016808941960335,0.026433391496539116,
-0.010610946454107761,0.02127915807068348,
-0.04827572777867317,0.020742123946547508,
-0.003732176497578621,0.00523711321875453,
-0.01733829453587532,0.00440802238881588,
0.015462657436728477,-0.0286710262298584,
-0.009158255532383919,0.041575442999601364,
-0.03701023384928703,0.011179395020008087,
0.002814864506945014,0.034356988966464996,
0.03517884761095047,0.01863853819668293,
0.01266416348516941,0.011583072133362293,
0.008605241775512695,-0.0036860774271190166,
0.00423131650313735,-0.004761133808642626,
-0.005027667619287968,0.00632998812943697,
0.016693584620952606,-0.005930858198553324,
-0.00019934368901886046,-0.01730905845761299,
-0.012196158058941364,-0.011052638292312622,
0.026156816631555557,-0.037057746201753616,
0.022370239719748497,-0.015077302232384682,
-0.02458544634282589,-0.027651242911815643,
-0.011335044167935848,-0.02345198206603527,
-0.012795645743608475,0.023176340386271477,
-0.012983554974198341,0.0070329573936760426,
0.021578386425971985,-0.00866663083434105,
-0.014405493624508381,-0.007845702581107616,
-0.06423502415418625,-0.005140436813235283,
-0.015254066325724125,0.028993496671319008,
-0.05020863190293312,0.023199811577796936,
0.01806725189089775,0.014882739633321762,
-0.010075404308736324,0.026218798011541367,
-0.024851199239492416,-0.0013501928187906742,
-0.01696890778839588,-0.025589508935809135,
0.04344942420721054,-0.0492733009159565,
-0.015913967043161392,-0.0064804162830114365,
0.017394721508026123,0.005635358858853579,
-0.00388093083165586,-0.0006153022986836731,
-0.01662261225283146,0.03779444843530655,
0.04287843778729439,0.03209056332707405,
-0.0019243528367951512,0.024229181930422783,
0.025214331224560738,0.03890197351574898,
0.0021117297001183033,-0.04388342797756195,
0.016457924619317055,-0.028272423893213272,
0.020066557452082634,0.022000528872013092,
0.01976698450744152,0.00532798795029521,
0.019244393333792686,0.02580363117158413,
0.017058532685041428,0.013128350488841534,
0.014594723470509052,-0.024179216474294662,
0.011017689481377602,-0.03371479734778404,
-0.026979491114616394,-0.010713491588830948,
-0.006653155200183392,-0.029493950307369232,
0.0032102628611028194,0.007547067478299141,
0.004605291411280632,-0.022968729957938194,
0.0201891977339983,0.016925331205129623,
-0.007583117578178644,0.02056012861430645,
0.0105636827647686,0.024020200595259666,
0.034796327352523804,0.011411498300731182,
-0.005609757732599974,0.018278693780303,
-0.005653216503560543,-0.019605621695518494,
0.015925688669085503,0.0008158216951414943,
0.0011872873874381185,0.008971642702817917,
-0.007071212865412235,0.0025482052005827427,
-0.040210627019405365,0.03082297556102276,
0.014345435425639153,0.0023182309232652187,
0.016014905646443367,0.007361374795436859,
0.008601886220276356,-0.002827160060405731,
-0.007248943205922842,0.024707306176424026,
0.029537836089730263,0.04486138001084328,
0.02342839725315571,-0.009174561128020287,
0.005451975855976343,0.04145577922463417,
-0.004086337983608246,0.0003055569250136614,
-0.012748109176754951,-0.031841930001974106,
-0.016284864395856857,-0.010879079811275005,
-0.019743621349334717,-0.02397651970386505,
0.01898130215704441,0.0010128726717084646,
-0.03245357424020767,-0.006664964370429516,
-0.012773510068655014,0.034996043890714645,
-0.016123490408062935,0.0021068754140287638,
-0.0008233799017034471,0.008729450404644012,
-0.009924614802002907,-0.0156120415776968,
-0.026571793481707573,-0.0022687981836497784,
0.04370087385177612,0.0036335468757897615,
0.002713913330808282,0.014933600090444088,
0.03179996460676193,0.007640218362212181,
-0.01245374046266079,-0.0043306369334459305,
-0.030070697888731956,-0.02522026002407074,
0.03169427812099457,-0.013770027086138725,
-0.026560872793197632,0.04813838750123978,
0.008013417012989521,0.02179175801575184,
-0.017672443762421608,-0.03695004805922508,
-0.042337238788604736,0.03438727557659149,
-0.029184741899371147,-0.010986567474901676,
-0.004870281554758549,-0.0022361823357641697,
0.012141570448875427,-0.01198351476341486,
-0.028931129723787308,0.00576305715367198,
0.030339818447828293,-0.014940996654331684,
0.0196456890553236,-0.02087206393480301,
-0.01005988847464323,0.034242697060108185,
0.017554420977830887,-0.006683186627924442,
-0.011509899981319904,-0.004794485867023468,
0.010008446872234344,0.0320618636906147,
0.00039424721035175025,0.025226274505257607,
0.0015602014027535915,0.018819089978933334,
-0.02398885227739811,-0.022335628047585487,
-0.009182954207062721,-0.006544799078255892,
0.013307398185133934,-0.011873697862029076,
-0.009765530936419964,-0.02467411942780018,
-0.020722199231386185,-0.022067178040742874,
-0.016618236899375916,-0.0053719040006399155,
0.013300564140081406,0.0018523173639550805,
0.05400324612855911,-0.019549475982785225,
-0.012778748758137226,0.008475862443447113,
-0.002581904176622629,0.018292883411049843,
0.02263903245329857,-0.032879650592803955,
0.020625712350010872,-0.03459572419524193,
0.020433515310287476,0.03737398236989975,
0.021701745688915253,0.045186202973127365,
-0.017551515251398087,-0.025234511122107506,
-0.08074213564395905,0.011606576852500439,
-0.012130482122302055,0.016963740810751915,
-0.04289967194199562,0.009393436834216118,
0.021878376603126526,0.023628931492567062,
0.011410849168896675,-0.0113166943192482,
-0.027376234531402588,-0.005914296023547649,
0.007453917060047388,-0.013541018590331078,
0.005273372400552034,0.020731201395392418,
-0.012014210224151611,0.012635634280741215,
-0.025519326329231262,-0.017397448420524597,
0.07500182092189789,0.023666642606258392,
0.03564491495490074,0.0170073714107275,
-0.014163918793201447,0.02636263519525528,
0.0414101779460907,-0.015534305945038795,
-0.014820137061178684,0.012156597338616848,
-0.02706979587674141,0.01786346733570099,
0.00038964059785939753,-0.023080436512827873,
0.02383257821202278,0.0027532202657312155,
-0.010836157016456127,0.008346839807927608,
0.0016200341051444411,-0.01676655001938343,
-0.006578823085874319,-0.04006865993142128,
0.010207364335656166,0.009598690085113049,
0.016985690221190453,0.00035179348196834326,
0.033028047531843185,0.010544166900217533,
-0.027069775387644768,-0.018880343064665794,
0.01965203322470188,0.03598368912935257,
0.03458241745829582,-0.013353975489735603,
-0.022759832441806793,0.001991142285987735,
-0.014058412052690983,0.023232346400618553,
0.009830201976001263,0.04352198541164398,
-0.0004361890896689147,-0.022278692573308945,
-0.004347713198512793,0.013207499869167805,
-0.007295684423297644,-0.0050759101286530495,
0.03441391885280609,-0.016378212720155716,
-0.013012290932238102,-0.03723784536123276,
-0.014301410876214504,0.006776413880288601,
-0.0010623388225212693,0.02614685334265232,
0.019541405141353607,0.0007561235106550157,
-0.02041030116379261,-0.026941511780023575,
-0.00290574855171144,-0.012587092816829681,
0.017921743914484978,-0.0024751892779022455,
0.06575939059257507,0.02157292515039444,
0.00740028778091073,0.006546691060066223,
-0.004487602971494198,0.019148705527186394,
0.009174920618534088,0.033762626349925995,
0.018150171265006065,-0.0013131987070664763,
-0.0066408864222466946,0.005093827378004789,
-0.015162610448896885,0.03839119151234627,
-0.006880973931401968,-0.030014073476195335,
-0.001976251369342208,-0.016559479758143425,
-0.006653164513409138,-0.0021453772205859423,
-0.003210436087101698,0.0003806783934123814,
-0.012086929753422737,-0.013314644806087017,
0.02446763589978218,-0.01777883805334568,
0.03693893924355507,-0.004669918678700924,
0.010750005021691322,0.02542712725698948,
-0.002883268753066659,0.005067469552159309,
0.03187083825469017,-0.0014053421327844262,
-0.04008185863494873,0.03687648847699165,
0.032327115535736084,0.00848458893597126,
0.008480845019221306,0.047570742666721344,
-0.013819627463817596,-0.02009965293109417,
0.009306544438004494,0.0007093026652000844,
-0.0073677897453308105,-0.008559775538742542,
-0.0159256961196661,0.009122256189584732,
-0.05841118469834328,-0.04565190523862839,
0.01703866384923458,-0.017177807167172432,
0.017612427473068237,0.013670179061591625,
0.02301977016031742,-0.024075385183095932,
0.02821267396211624,0.03870801627635956,
0.00479527935385704,0.02471897378563881,
0.0044282423332333565,-0.028258612379431725,
-0.02493847906589508,0.0034012156538665295,
-0.023374618962407112,-0.016320008784532547,
0.026309413835406303,-0.01260589063167572,
0.027111852541565895,0.02793039381504059,
-0.03258240222930908,0.016025474295020103,
0.03296630457043648,-0.019245844334363937,
-0.015818512067198753,0.021307364106178284,
-0.03203771635890007,0.039820969104766846,
-0.06178119406104088,0.0035423673689365387,
-0.03186444565653801,-0.00971201341599226,
1.6562731616431847e-05,0.016167515888810158,
0.019950198009610176,0.009921540506184101,
-0.037970807403326035,0.011159639805555344,
-0.010221906006336212,0.0104605033993721,
0.027878722175955772,-0.007739846594631672,
-0.0170070081949234,-0.018780967220664024,
0.006882664747536182,0.005458660423755646,
-0.007290906272828579,-0.001267079496756196,
0.0283341147005558,0.015205183066427708,
0.0015999152092263103,0.01822766475379467,
-0.02776622399687767,-0.008256183005869389,
0.0118617694824934,-0.05829474329948425,
-0.0017748856917023659,-0.002894048113375902,
-0.0029747835360467434,-0.021604463458061218,
0.011545157060027122,-0.018583739176392555,
0.038593411445617676,-0.00010753836977528408,
-0.0029299461748450994,0.025859463959932327,
0.007930813357234001,0.0012952842516824603,
0.025787480175495148,0.005081417039036751,
0.006863572169095278,0.016036083921790123,
0.003044404787942767,-0.02342907153069973,
0.046182166785001755,-0.02314714901149273,
0.0012571162078529596,-0.00538996234536171,
0.0012874397216364741,0.018220724537968636,
-0.043304309248924255,9.791980119189247e-05,
0.02533899061381817,-0.01141190156340599,
-0.006710533518344164,0.0033810201566666365,
0.03193574398756027,-0.0008720218320377171,
-0.012566965073347092,-0.032186854630708694,
0.01717192493379116,-0.016442054882645607,
-0.007493625860661268,-0.008770310319960117,
0.01049654558300972,0.0035681722220033407,
0.03882048651576042,-0.011481762863695621,
0.003174882847815752,0.04322490096092224,
-0.034483179450035095,-0.03924339637160301,
0.016950173303484917,-0.022612273693084717,
-0.027796614915132523,0.017102161422371864,
-0.003279094584286213,-0.007463429123163223,
-0.012582364492118359,-0.045139722526073456,
-0.01576940342783928,0.0055790613405406475,
-0.017815914005041122,-0.03380652517080307,
-0.02381417527794838,-0.011444737203419209,
0.04191287234425545,-0.020784689113497734,
0.00707195745781064,-0.024700773879885674,
-0.037364162504673004,0.0014734658179804683,
-0.01359904557466507,0.04137076437473297,
-0.012706788256764412,-0.05048394575715065,
-0.011877634562551975,-0.0012458564015105367,
-0.017854025587439537,-0.05353053659200668,
-0.028094522655010223,-0.01492548268288374,
-0.010839412920176983,0.015605008229613304,
0.036432839930057526,-0.022681577131152153,
-0.002401886507868767,0.029790150001645088,
-0.021847717463970184,-0.01860029622912407,
0.002701110439375043,-0.03782346099615097,
0.004243561066687107,0.021346641704440117,
0.024431107565760612,-0.006175744812935591,
-0.05695513263344765,-0.001188003341667354,
0.017525281757116318,-0.022783547639846802,
0.003644041484221816,-0.026671523228287697,
-0.011277338489890099,0.03221757337450981,
-0.005831372458487749,-0.005707566160708666,
0.0036169528029859066,0.0015036421827971935,
-0.03262069448828697,0.014052440412342548,
-0.011146039701998234,0.0013341312296688557,
0.010169601999223232,0.04710948094725609,
0.016587287187576294,-0.0006079705199226737,
-0.007581657264381647,-0.006633753888309002,
-0.020158767700195312,-0.0053837182931602,
0.008234560489654541,-0.00012974278070032597,
0.026199841871857643,-0.01638825424015522,
0.007970122620463371,-0.024905027821660042,
0.026310723274946213,-0.02156706154346466,
0.0394773967564106,0.019357867538928986,
0.017006127163767815,-0.0056772963143885136,
0.04771773889660835,0.017259184271097183,
0.0030174311250448227,0.015946164727211,
0.017456110566854477,-0.020567158237099648,
-0.008768388070166111,0.019860148429870605,
-0.026650432497262955,0.0008565613534301519,
0.011353040114045143,-0.005720872897654772,
-0.00019104231614619493,-0.00825729314237833,
-0.008850526995956898,-0.028638949617743492,
-0.006737124174833298,0.01330493949353695,
-0.04087209701538086,-0.004007420036941767,
0.041180890053510666,0.001607817830517888,
-0.017264235764741898,-0.016185157001018524,
-0.016379505395889282,0.008048053830862045,
0.013484491035342216,-0.0024478049017488956,
-0.03315599262714386,-0.04580416530370712,
-0.025087270885705948,-0.024762887507677078,
-0.004735969938337803,-0.011377448216080666,
0.0279367845505476,-0.018355906009674072,
-0.02097640559077263,0.006136753596365452,
0.0009398714755661786,-0.015480131842195988,
-0.0002857317740563303,0.005650426261126995,
0.004916087258607149,0.02582314796745777,
0.010537897236645222,-0.004331440199166536,
0.007704338524490595,0.02645057998597622,
-0.003030746476724744,0.02766045555472374,
0.004643883090466261,-0.010249922052025795,
-0.020939035341143608,-0.02272324450314045,
-0.007168419659137726,0.00541654834523797,
0.03255580738186836,0.02028120495378971,
-0.021203016862273216,0.02257814258337021,
0.016990961506962776,-0.0418059267103672,
0.0012930925004184246,-0.01591646671295166,
-0.014321956783533096,-0.04632974788546562,
0.0002940237463917583,0.013489916920661926,
0.0255803894251585,-0.007509907707571983,
0.0015267565613612533,0.007600809447467327,
-0.029612908139824867,-0.02026202157139778,
0.00010595932690193877,-0.019024314358830452,
0.009426271542906761,-0.015543745830655098,
0.013450686819851398,0.0440526157617569,
0.0025819402653723955,0.024361131712794304,
-0.00423687556758523,-0.02506001479923725,
-0.011015411466360092,0.030888976529240608,
-0.025823168456554413,0.0024402462877333164,
0.006494144909083843,0.04758088290691376,
2.60173728747759e-05,-0.048463109880685806,
-0.01570306532084942,-0.026203295215964317,
-0.0023507841397076845,-0.011358119547367096,
-0.02850337326526642,-0.015042915008962154,
-0.0317990817129612,-0.012868518009781837,
-0.0036350840236991644,-0.010713285766541958,
-0.027835898101329803,0.0480027049779892,
0.02890681102871895,0.02987462840974331,
-0.0027438602410256863,-0.017046650871634483,
0.028748339042067528,-0.008037738502025604,
-0.008435209281742573,0.020644385367631912,
0.015496431849896908,-0.03981944918632507,
0.037925660610198975,-0.005894408095628023,
0.0006467660423368216,-0.0038840556517243385,
0.015597527846693993,0.019477784633636475,
-0.00396149093285203,-0.022397954016923904,
0.0017802566289901733,0.03453827649354935,
-0.012813829816877842,-0.017839273437857628,
-0.03642567992210388,-0.04103436321020126,
-0.04969709739089012,-0.005799407139420509,
0.049341268837451935,0.020238593220710754,
-0.017479659989476204,-0.012790251523256302,
0.03304073214530945,-0.0235233623534441,
-0.05107272416353226,-0.001327069359831512,
0.02702833153307438,-0.006517806556075811,
-0.012164455838501453,0.006036405451595783,
-0.02330278605222702,0.017858514562249184,
0.02506125345826149,0.00022073922445997596,
-0.044156089425086975,-0.01097104512155056,
-0.007229421753436327,-0.03076261095702648,
0.009111737832427025,-0.012601279653608799,
0.004304675385355949,-0.01010765228420496,
-0.007680607959628105,-0.029836803674697876,
0.03358326852321625,-0.0033421041443943977,
0.006755060516297817,-0.018178319558501244,
0.012845421209931374,-0.02678673155605793,
-0.010051112622022629,0.005810888484120369,
0.009716778993606567,-0.028989827260375023,
0.012448249384760857,0.030152376741170883,
0.024448540061712265,-0.01319650188088417,
0.010448670014739037,0.00509878434240818,
-0.0168388020247221,0.014950198121368885,
-0.013466212898492813,0.06063145026564598,
0.003756058868020773,0.06901197880506516,
-0.026332588866353035,0.03982256352901459,
0.004112047143280506,-0.033883702009916306,
0.024617386981844902,-0.0019100847421213984,
-0.043474603444337845,0.007900997996330261,
-0.023081546649336815,-0.022592490538954735,
0.0010445954976603389,-0.02486991137266159,
-0.0014340620255097747,-0.011956894770264626,
0.024774396792054176,0.004527963697910309,
-0.05178713798522949,-0.0016819959273561835,
-0.03229936212301254,0.00017001110245473683,
-0.006635225843638182,-0.01970713585615158,
-0.043111756443977356,-0.009963501244783401,
0.008629284799098969,0.016044048592448235,
0.015656396746635437,-0.01651042513549328,
0.02210569754242897,-0.02572545036673546,
-0.03465091437101364,0.0059412638656795025,
0.0010118393693119287,0.027173029258847237,
0.039074238389730453,-0.018488353118300438,
-0.007541181519627571,0.003617827547714114,
0.019237816333770752,-0.005868293810635805,
-0.0022343271411955357,0.030103644356131554,
-0.01604829542338848,-0.010229980573058128,
-0.005714906379580498,0.009213375858962536,
0.0035359824541956186,-0.011185850948095322,
0.026592271402478218,-0.009626153856515884,
0.009383001364767551,0.04164586216211319,
0.02521834336221218,-0.011757138185203075,
-0.02452407032251358,-0.021766461431980133,
-0.011615455150604248,0.025015413761138916,
0.009753652848303318,0.022690799087285995,
-0.011194326914846897,0.004346545320004225,
0.005607554689049721,-0.0034299404360353947,
0.002961214166134596,0.012063021771609783,
-0.013226659037172794,-0.010019867680966854,
-0.00664097536355257,-0.011087086983025074,
-0.017369111999869347,-0.003294966882094741,
-0.004758493974804878,0.024881327524781227,
-0.021430641412734985,0.0072767906822264194,
-0.008329283446073532,-0.004040974657982588,
0.020373817533254623,-0.0074326228350400925,
0.044168271124362946,-0.024475814774632454,
0.002688527340069413,-0.023515764623880386,
0.030998099595308304,-0.05775360018014908,
0.04178404062986374,0.00611465098336339,
-0.0008354372112080455,-0.010165613144636154,
0.008574855513870716,0.02703208290040493,
-0.003817974589765072,-0.009233444929122925,
-0.040262240916490555,-0.006311475764960051,
0.011658978648483753,0.005386318080127239,
-0.046351321041584015,0.0038526025600731373,
-0.00913496594876051,-0.02727694809436798,
-0.014196109026670456,-0.017710411921143532,
-0.0032199642155319452,-0.024705983698368073,
0.020008502528071404,0.02202661521732807,
-0.014537821523845196,-0.008494902402162552,
-0.0063661313615739346,0.02094968780875206,
0.020282886922359467,-0.033141303807497025,
0.028901923447847366,-0.013047533109784126,
-0.028219593688845634,-0.027697697281837463,
-0.06856218725442886,0.014324299991130829,
0.04268614947795868,-0.010853534564375877,
-0.0011633686954155564,-0.001498855883255601,
-0.017414607107639313,-0.03833094611763954,
-0.0018473457312211394,0.001147908391430974,
-0.009103556163609028,-0.010469635017216206,
0.024657588452100754,-0.003016704460605979,
0.0010641361586749554,-0.0013748889323323965,
-0.0044393218122422695,0.058812133967876434,
0.007735382299870253,-0.0038073225878179073,
0.03906821087002754,-0.05092643201351166,
-0.021901067346334457,-0.010005610063672066,
0.023545291274785995,-0.002431875327602029,
-0.03173190727829933,-0.025739919394254684,
-0.02443053387105465,0.0054143937304615974,
-0.018664170056581497,-0.023422647267580032,
-0.014108789153397083,-0.0015881211729720235,
0.015965379774570465,-0.01734197326004505,
-0.011843344196677208,-0.011083888821303844,
0.016044747084379196,-0.030056852847337723,
-0.015123821794986725,-0.009456192143261433,
0.003658631816506386,-0.004902394022792578,
-0.0015746353892609477,0.023226216435432434,
0.0027807357255369425,0.005981176160275936,
0.019715094938874245,0.02465464174747467,
-0.005730325821787119,-0.0068082865327596664,
0.0012854310916736722,-0.0006027285708114505,
-0.02000453695654869,-0.004848158918321133,
-0.047869160771369934,-0.055923640727996826,
-0.002025051275268197,0.010776406154036522,
-8.719974721316248e-05,-0.026376090943813324,
0.009711187332868576,0.013669973239302635,
0.03396119549870491,-0.0031632971949875355,
-0.024635549634695053,0.015910258516669273,
0.019003726541996002,0.009204217232763767,
-0.011751438491046429,0.005051587242633104,
-0.004940895829349756,0.006132878828793764,
0.03166056051850319,0.010877522639930248,
0.007723178248852491,-0.014444014057517052,
0.05376635491847992,0.01863885298371315,
0.05139122158288956,-0.002242258982732892,
0.019083961844444275,-0.030235452577471733,
0.01271770242601633,0.030658459290862083,
-0.035897284746170044,0.010170514695346355,
0.025594597682356834,-0.00630577839910984,
0.023428689688444138,-0.003807985922321677,
-0.0475759319961071,-0.037382688373327255,
0.004565530922263861,0.017724337056279182,
-0.005143187940120697,-0.022471822798252106,
-0.034148089587688446,-0.03660465404391289,
0.03065076842904091,0.02861623279750347,
0.02016640082001686,0.008223069831728935,
-0.031467366963624954,0.002280482556670904,
0.03151213750243187,-0.0006632986478507519,
-0.028158772736787796,0.0030868493486195803,
-0.010737220756709576,0.00025662221014499664,
-0.013530421070754528,0.015976935625076294,
0.015615466050803661,-0.01446582842618227,
-0.009690379723906517,-0.02604457549750805,
0.013284221291542053,-0.03111666813492775,
-0.040375061333179474,0.018114589154720306,
-0.012413157150149345,-0.030204130336642265,
0.0018822044366970658,0.0022847538348287344,
-0.0006917178397998214,-0.005989736877381802,
-0.007523878011852503,-0.02370954118669033,
-0.015241887420415878,0.007374327164143324,
0.006207677070051432,-0.008877187967300415,
-0.011930865235626698,0.029307980090379715,
-0.044343821704387665,0.04343909025192261,
0.020789822563529015,-0.00610212329775095,
-0.0299391932785511,0.007716035936027765,
-0.003822167171165347,0.008317402563989162,
-0.04931097850203514,-0.011266320943832397,
0.015911083668470383,-0.003937667701393366,
-0.006483966019004583,-0.03818739578127861,
-0.014688546769320965,0.012786894105374813,
0.018098585307598114,0.024566788226366043,
0.01945505291223526,-0.013671268709003925,
-0.006790455896407366,-0.0005300436750985682,
0.012094317004084587,-0.013662739656865597,
-0.003844236023724079,0.03620803728699684,
-0.0018247311236336827,0.01389978639781475,
0.003016144037246704,-0.015289552509784698,
-0.035255078226327896,0.04816544055938721,
0.01969648338854313,0.015366556122899055,
-0.022882135584950447,-0.023835083469748497,
-0.0053748697973787785,-0.007875816896557808,
0.020129365846514702,0.02630533277988434,
-0.0303877592086792,0.009096912108361721,
0.051743920892477036,-0.009747051633894444,
0.004516270011663437,0.006680040154606104,
0.01837480254471302,-0.004433312453329563,
0.01630289852619171,0.014705781824886799,
0.015981264412403107,0.022282132878899574,
-0.001529476372525096,-0.009203340858221054,
-0.0028245935682207346,-0.010387538932263851,
0.002796148881316185,0.03137199953198433,
0.016441745683550835,-0.0013142186217010021,
0.015500037930905819,-0.0032696970738470554,
-0.043517936021089554,-0.01809162274003029,
0.04919657111167908,-0.03819813206791878,
-0.042785074561834335,-0.009516622871160507,
-0.030617831274867058,-0.04130248725414276,
-0.005220889579504728,0.002204956952482462,
-0.0012213635491207242,0.04354258254170418,
-0.018970657140016556,0.03906896337866783,
-0.05917779728770256,-0.008271778002381325,
0.029637357220053673,0.00013376455171965063,
0.019841041415929794,-0.01953713223338127,
0.005037962459027767,-0.06736113876104355,
-0.04551227390766144,0.026259252801537514,
0.01406354270875454,-0.004745955113321543,
0.021095165982842445,0.03777123615145683,
0.017744068056344986,-0.01777186244726181,
-0.0357670821249485,-0.027478381991386414,
0.001470958930440247,0.005418810062110424,
0.013535957783460617,0.0010419739410281181,
0.017440320923924446,-0.009833799675107002,
-0.010675833560526371,0.018830152228474617,
-0.03481409326195717,-0.00908956304192543,
0.009536049328744411,-0.05138725787401199,
-0.002763117430731654,-0.016750013455748558,
0.012707662768661976,0.029326891526579857,
-0.026197919622063637,0.020073192194104195,
0.010488681495189667,-0.027344385161995888,
-0.012289145961403847,0.01874851994216442,
0.0023421773221343756,0.061497803777456284,
0.01839103177189827,-0.018032390624284744,
-0.03757632151246071,0.00476835947483778,
0.017912965267896652,0.006078772712498903,
-0.03341473639011383,-0.027017764747142792,
-0.013034096919000149,0.02999625913798809,
0.0128595270216465,-0.037265319377183914,
-0.0016952002188190818,-0.00783221423625946,
-0.017071066424250603,-0.011807581409811974,
-0.028109479695558548,-0.038716211915016174,
0.0034215841442346573,0.0009192260331474245,
-0.003861380275338888,-0.011359981261193752,
-0.03394586592912674,-0.019132710993289948,
0.017371729016304016,-0.009488283656537533,
0.01701687090098858,-0.025656167417764664,
0.0028287514578551054,0.011177027598023415,
-0.015318051911890507,-0.005607391707599163,
0.005890295375138521,0.006198943126946688,
0.010715153999626637,0.02218562737107277,
-0.00476031145080924,0.019193558022379875,
0.04497452825307846,0.02266685850918293,
0.007471852004528046,-0.02658100053668022,
-0.023220468312501907,-0.0032865104731172323,
0.003605474717915058,0.02390623465180397,
0.03506527468562126,-0.04089856892824173,
0.00834775622934103,0.0020074888598173857,
0.0016502023208886385,0.012787114828824997,
-0.013534911908209324,-0.009061183780431747,
0.005796037148684263,0.0025015240535140038,
0.0031066599767655134,0.0027286983095109463,
0.002786467084661126,-0.058902278542518616,
-0.009448747150599957,-0.022493185475468636,
0.009548662230372429,0.020503411069512367,
-0.020074395462870598,0.009550785645842552,
-0.013610494323074818,-0.017446231096982956,
-0.041538506746292114,0.005666504614055157,
-0.010493715293705463,-0.004153430461883545,
0.02299553155899048,0.04381715878844261,
-0.018617738038301468,0.04959837347269058,
0.022964423522353172,-0.01712963357567787,
0.007272904273122549,-0.00827986653894186,
0.024897422641515732,-0.0029055634513497353,
0.02815123088657856,0.012194253504276276,
-0.021789254620671272,-0.004880534019321203,
0.013227141462266445,0.030473891645669937,
0.017655933275818825,0.0034996499307453632,
0.0073278555646538734,0.01760023459792137,
-0.009411373175680637,-0.02042170986533165,
0.004288664553314447,-0.0070554292760789394,
-0.009809033945202827,-0.009587341919541359,
-0.029191575944423676,0.012912405654788017,
-0.0056244321167469025,0.001455544144846499,
-0.009354270063340664,0.011481114663183689,
-0.009847071021795273,0.012295208871364594,
-0.010535274632275105,-0.03841569647192955,
-0.02785956859588623,0.017724787816405296,
0.023203374817967415,-0.04080423712730408,
-0.028911449015140533,0.02996232360601425,
0.0019034522119909525,-0.03584909811615944,
-0.025036895647644997,-0.0378442145884037,
-0.011623798869550228,0.006682505365461111,
0.013627673499286175,-0.03012022376060486,
-0.011409703642129898,0.024069003760814667,
0.009944582358002663,0.03246993571519852,
-0.05621085688471794,-0.018851684406399727,
0.011991624720394611,0.019534725695848465,
0.016352662816643715,-0.01841936632990837,
-0.013950995169579983,-0.000579533283598721,
0.011514278128743172,0.0024638555478304625,
-0.006049968767911196,0.015497156418859959,
0.033639535307884216,-0.02237844280898571,
0.01155050192028284,0.026326859369874,
0.014444252476096153,-0.02262391895055771,
0.00952325388789177,0.01465174276381731,
0.045116323977708817,-9.367654456582386e-06,
-0.012444110587239265,0.0029446484986692667,
0.04636520892381668,0.0007765803602524102,
-0.04070185497403145,-0.009706527926027775,
-0.03086060658097267,-0.03837178647518158,
-0.014275575056672096,-0.013103549368679523,
0.06638557463884354,0.019453469663858414,
0.006234293803572655,0.01910211518406868,
0.0005899047246202826,0.00679062120616436,
0.004235074855387211,-0.0058899628929793835,
0.018769264221191406,-0.022953536361455917,
0.014455609023571014,-0.013075407594442368,
0.029892027378082275,-0.04466160759329796,
0.0290708988904953,-0.0067117963917553425,
0.06607016921043396,-0.023357750847935677,
-0.008601773530244827,0.018383176997303963,
-0.040576186031103134,-0.040205445140600204,
-0.008656027726829052,0.014647525735199451,
-0.008576092310249805,0.018537793308496475,
0.007239990867674351,0.01286131888628006,
-0.047854259610176086,-0.016769252717494965,
0.0250529982149601,0.0147852236405015,
0.024430841207504272,-0.004525612574070692,
0.036766666918992996,-0.001972758211195469,
-0.02805083431303501,0.015573895536363125,
0.026980675756931305,0.0009327470324933529,
0.01609029248356819,-0.0295364111661911,
0.02442147769033909,0.013756793923676014,
0.021090155467391014,0.022671809419989586,
-0.02059626393020153,-0.002613468561321497,
-0.008872177451848984,-0.007380880881100893,
-0.009480326436460018,0.0041906447149813175,
-0.010821792297065258,-0.011758807115256786,
0.06567367911338806,0.010342298075556755,
0.029137151315808296,-0.008432292379438877,
-0.019626734778285027,0.030139386653900146,
-0.007642310578376055,0.03548488765954971,
-0.0009665577672421932,-6.588123505935073e-05,
-0.010236396454274654,0.005943331867456436,
0.02972949855029583,0.02341071330010891,
-0.012825597077608109,0.008049927651882172,
0.040127772837877274,-0.013180895708501339,
0.0011971488129347563,0.03159714490175247,
0.019342537969350815,-0.029963728040456772,
0.00541373947635293,0.0440891869366169,
-0.0035521008539944887,0.008599263615906239,
0.0015743841649964452,0.0042779408395290375,
-0.01787792332470417,0.013587720692157745,
-0.035334184765815735,-0.021919041872024536,
-0.012426692061126232,0.019309284165501595,
-0.01140932459384203,0.012354772537946701,
0.031599853187799454,0.010977616533637047,
0.01645328849554062,0.02093115635216236,
0.020161660388112068,-0.0054215737618505955,
0.04196552559733391,0.0077762966975569725,
0.013037464581429958,0.03268231078982353,
-0.017643507570028305,0.026197724044322968,
-0.009946834295988083,0.02023351565003395,
0.023091493174433708,0.01176090445369482,
-0.005863874685019255,0.003799963975325227,
0.0028827330097556114,-0.0003398106782697141,
0.01572100631892681,0.016664674505591393,
0.007533109746873379,-0.05598423257470131,
0.0005226798239164054,-0.01550379954278469,
-0.021967696025967598,0.00627825316041708,
0.019995445385575294,-0.05494750291109085,
-0.004680650308728218,0.010857010260224342,
-0.02177182026207447,0.0020771934650838375,
0.011824154295027256,0.007884334772825241,
-0.0017519835382699966,0.006798019632697105,
-0.0010902845533564687,0.013834139332175255,
-0.007503023371100426,0.027758093550801277,
0.01563914306461811,-0.036462318152189255,
-0.007532637566328049,0.028491806238889694,
-0.015656795352697372,-0.00022273889044299722,
0.025790005922317505,0.006718086544424295,
0.012294117361307144,-0.006615199148654938,
0.005245100241154432,0.005097637418657541,
0.030269823968410492,-0.01694713532924652,
0.0026507126167416573,-0.0005276263691484928,
0.05785771831870079,-0.03170553967356682,
-0.009008236229419708,-0.007079868111759424,
0.0016239786054939032,-0.039645541459321976,
0.0007914462476037443,-0.013152873143553734,
0.029199590906500816,0.01848670281469822,
0.0005946530727669597,-0.02511662431061268,
-2.969078650494339e-06,0.0017300479812547565,
-0.03427581861615181,0.03318726643919945,
-0.0005270305555313826,-0.02121911197900772,
-0.003118014195933938,-0.016241172328591347,
-0.007832459174096584,-0.00031312817009165883,
-0.0002743671357166022,-0.014303110539913177,
-0.016026942059397697,-0.011921616271138191,
0.02697247825562954,-0.007769041229039431,
0.05378631502389908,-0.05297190696001053,
0.018235517665743828,-0.045830193907022476,
0.012628932483494282,0.023440532386302948,
-0.07437266409397125,-0.01130797527730465,
-0.04279373213648796,0.010166174732148647,
0.016176363453269005,-0.01801239512860775,
-0.012044519186019897,-0.010301852598786354,
-0.02060358226299286,-0.04038505256175995,
-0.030881274491548538,-0.015458463691174984,
0.008624231442809105,0.022342732176184654,
0.047507915645837784,-0.018806511536240578,
-0.00726133631542325,-0.03975426405668259,
0.023351680487394333,0.04240621253848076,
-0.005850388202816248,0.027310356497764587,
-0.001253022812306881,-0.03274385258555412,
0.03753208369016647,0.028823712840676308,
0.028989357873797417,-0.03262566775083542,
0.010435677133500576,-0.008441074751317501,
0.017494874075055122,-0.0012528656516224146,
0.028023602440953255,-0.008562828414142132,
-0.0035248652566224337,-0.01900055818259716,
-0.004284869413822889,0.0018244305392727256,
-0.0036885985173285007,-0.02352968230843544,
0.005202695727348328,-0.02998168207705021,
0.0032303519546985626,0.005906673148274422,
-0.01808832958340645,0.0030029481276869774,
-0.0035874955356121063,-0.03266653046011925,
-0.023713858798146248,0.02593195252120495,
-0.014416363090276718,0.007319864816963673,
-0.0033664691727608442,0.021981224417686462,
-0.00024916353868320584,-0.025477150455117226,
0.015649326145648956,-0.02334347739815712,
-0.0011844803811982274,0.0011800515931099653,
-0.0451311431825161,0.026049388572573662,
0.015290303155779839,0.025425175204873085,
-0.020521443337202072,0.028527965769171715,
0.031122863292694092,-0.018160708248615265,
0.012108740396797657,-0.01880621910095215,
0.012737330980598927,0.00706476392224431,
0.005876918788999319,0.01978139579296112,
-0.0003635565808508545,0.019611217081546783,
-0.03478839993476868,0.005878965836018324,
-0.00443037785589695,0.02127760276198387,
-0.006000544875860214,0.0023738101590424776,
0.007156320847570896,-0.01578880473971367,
0.004723777063190937,0.030328160151839256,
0.019287653267383575,-0.0007508951821364462,
-0.006158708594739437,0.03709948807954788,
0.021483123302459717,0.03593464568257332,
0.0012185022933408618,-0.001277186325751245,
-0.014981336891651154,-0.0009388674516230822,
-0.015332253649830818,0.031583428382873535,
-0.016260232776403427,0.013613110408186913,
-0.020482420921325684,-0.01525878719985485,
-0.010192290879786015,0.008408893831074238,
0.010564631782472134,0.016285128891468048,
-0.005881044082343578,-0.005793935153633356,
0.010549972765147686,-0.024498499929904938,
0.03966016694903374,-0.002262983936816454,
-0.00466496916487813,-0.018169280141592026,
-0.02520204521715641,-0.008362643420696259,
-0.011169631034135818,-0.021375825628638268,
-0.00446716696023941,0.01740604266524315,
0.017634518444538116,0.01260251086205244,
0.020059363916516304,-0.011266691610217094,
0.0446845106780529,0.023663228377699852,
0.001373765175230801,0.01419853512197733,
-0.0026781405322253704,-0.01777176558971405,
0.03535984456539154,-0.04798855260014534,
0.011206796392798424,-0.01496458612382412,
0.0263784471899271,0.0037501915358006954,
0.012005324475467205,0.009986053220927715,
0.007586844265460968,0.015964504331350327,
-0.0030155200511217117,0.015574469231069088,
-0.032201699912548065,-0.007970702834427357,
-0.03921043127775192,-0.027816656976938248,
-0.028839170932769775,-0.005217100027948618,
-0.011758006177842617,-0.01094729732722044,
0.007485515438020229,-0.003886011429131031,
0.03782140091061592,-0.011685908772051334,
-0.018622105941176414,-0.0093716811388731,
-0.033195555210113525,0.0035410020500421524,
0.016703147441148758,-0.013270469382405281,
-0.03022836148738861,0.02890145778656006,
0.005692910403013229,0.003661792492493987,
-0.011612134985625744,-0.03482694551348686,
0.007974142208695412,-0.01514297816902399,
-0.014200683683156967,-0.011000637896358967,
-0.008872578851878643,-0.0081676309928298,
-0.0001470333809265867,0.0013390772510319948,
0.012300439178943634,0.011166386306285858,
0.0019238091772422194,0.010676121339201927,
0.01238971296697855,0.0085737444460392,
-0.0141356335952878,-0.006632760167121887,
-0.017529910430312157,-0.047144077718257904,
0.010992431081831455,0.017031237483024597,
0.001580190029926598,-0.013966824859380722,
0.02007446251809597,0.0144156189635396,
0.006454682443290949,0.004551575519144535,
-0.027445537969470024,-0.00026933226035907865,
-0.003990791272372007,0.008453859016299248,
-0.006484510377049446,-0.02526533603668213,
0.01391579583287239,-0.00236265966668725,
0.041219599545001984,-0.025218460708856583,
-0.008806336671113968,-0.036402471363544464,
0.028429998084902763,-0.009900529868900776,
-0.0025437131989747286,0.005937926936894655,
0.03630094230175018,-0.008804363198578358,
-0.021553531289100647,-0.008868696168065071,
0.002223593182861805,-0.0015860506100580096,
-0.02635965496301651,0.04835972934961319,
0.019262801855802536,0.028669239953160286,
-0.007983586750924587,-0.017788907513022423,
-0.015663573518395424,-0.052863094955682755,
-0.0290591511875391,0.019070839509367943,
-0.03257919102907181,0.010437005199491978,
-0.02019294537603855,-0.0026284726336598396,
0.015865441411733627,-0.0070784431882202625,
0.003586679231375456,0.03479832783341408,
0.025259345769882202,0.003508430439978838,
0.01889616623520851,-0.0018426182214170694,
0.005419939290732145,-0.0008646410424262285,
-0.010160761885344982,0.004502336960285902,
0.013265924528241158,-0.012916176579892635,
0.0046437401324510574,0.028476420789957047,
0.02172686718404293,-0.04477353021502495,
-0.021190430968999863,0.010164662264287472,
-0.01784929633140564,-0.006517286878079176,
0.0141490763053298,0.013504216447472572,
-0.013421746902167797,0.045795779675245285,
5.425895142252557e-05,-0.027886496856808662,
-0.01781977340579033,0.028971616178750992,
-0.01892215386033058,0.013435649685561657,
-0.02897043712437153,-0.006385322660207748,
-0.016553455963730812,0.012805639766156673,
0.005164812784641981,0.031525712460279465,
-0.01817239634692669,-0.010483436286449432,
-0.015701455995440483,-0.03186098486185074,
0.00519546726718545,-0.019479531794786453,
0.0011788158444687724,-0.045466240495443344,
-0.006237068213522434,0.02443820610642433,
0.02178528532385826,0.005838105455040932,
-0.017399316653609276,-0.047063715755939484,
-0.03527560085058212,-0.0008942472632043064,
0.012294236570596695,-0.02352938987314701,
0.041247379034757614,0.0034950997214764357,
-0.06540072709321976,-0.03644149750471115,
-0.02503948099911213,0.015520909801125526,
-0.020609762519598007,0.0025772848166525364,
-0.0373363234102726,-0.003535012947395444,
-0.014563562348484993,0.0141380550339818,
0.043101247400045395,-0.012357506901025772,
-0.03246338292956352,0.0036774936597794294,
-0.02608621120452881,-0.006285110488533974,
0.01625913567841053,-0.011563505046069622,
0.002631392562761903,-0.005144111812114716,
0.00947527214884758,-0.02668735943734646,
0.023610813543200493,0.0037112473510205746,
0.008527310565114021,0.010861242190003395,
0.005262987222522497,0.019414721056818962,
0.007566662505269051,-0.030296921730041504,
-0.001479353872127831,0.030234407633543015,
-0.032242320477962494,-0.04329908639192581,
0.006068105809390545,0.030983485281467438,
0.005846976302564144,-0.002021102700382471,
-0.013662748970091343,0.015908686444163322,
-0.016371117904782295,-0.007902683690190315,
-0.02369724214076996,-0.0028363987803459167,
0.014050683006644249,-0.033045411109924316,
0.016386546194553375,0.003656506771221757,
0.022275859490036964,-0.030370717868208885,
0.02160041220486164,-0.018523382022976875,
0.004104491323232651,0.001496566110290587,
-0.025292694568634033,0.0018732781754806638,
0.01071053184568882,-0.011617300100624561,
0.016524069011211395,-0.012844759039580822,
0.035363245755434036,0.03174331411719322,
0.03567982465028763,-0.008790991269052029,
-0.007770107127726078,-0.012580121867358685,
-0.020394986495375633,0.002860020147636533,
-0.00646993750706315,0.011297443881630898,
0.005615008994936943,-0.04249681159853935,
-0.008061453700065613,-0.05115247517824173,
-0.00994320772588253,0.0026637616101652384,
-0.01598244719207287,-0.006616408936679363,
0.040147267282009125,0.014548394829034805,
-0.014145518653094769,-0.031465936452150345,
-0.024296173825860023,-0.028085295110940933,
-0.025033744052052498,-0.01198684424161911,
-0.016405344009399414,-0.014396987855434418,
0.007519800215959549,0.0038254745304584503,
-0.0037670989986509085,0.030405040830373764,
0.007611007429659367,-0.002741784555837512,
-0.018070580437779427,-0.04837215691804886,
-0.01323133148252964,0.02541850134730339,
-0.006913451477885246,-0.017394226044416428,
0.0030895015224814415,0.013617249205708504,
-0.016670837998390198,0.027442246675491333,
0.04130614548921585,-0.01866626739501953,
-0.03162788227200508,-0.006409756373614073,
0.012160652317106724,0.010699903592467308,
-0.011741981841623783,-0.021502356976270676,
-0.01763719879090786,-0.01565435342490673,
-0.00438802782446146,0.008343936875462532,
0.007080816198140383,-0.007211985532194376,
-0.005744369700551033,-0.00746130058541894,
-0.005746166687458754,0.02695528231561184,
-0.020605191588401794,-0.01398568693548441,
0.0058253007009625435,-0.015381925739347935,
-0.03575064241886139,-0.017705509439110756,
-0.03476506844162941,0.015671417117118835,
0.00036658518365584314,0.0026023914106190205,
0.01107572577893734,0.0238588098436594,
0.005737790837883949,-0.02820611372590065,
-0.0009856452234089375,0.025593789294362068,
0.0069539728574454784,-0.011461113579571247,
-0.008006866089999676,0.0651346892118454,
0.005146523471921682,-0.007262366358190775,
-0.007373522501438856,-0.03913871571421623,
-0.001827584463171661,0.009103026241064072,
-0.011060019955039024,0.0216322373598814,
-0.0011804241221398115,0.008270440623164177,
-0.007279334124177694,-0.021604303270578384,
-0.022270655259490013,0.0022450508549809456,
0.022155538201332092,-0.0005211289972066879,
-0.010733265429735184,0.03423501178622246,
0.0013697817921638489,0.005047637969255447,
0.007051456719636917,0.02584519237279892,
0.007998397573828697,0.020577527582645416,
0.016001058742403984,-0.01412767730653286,
-0.011520740576088428,-0.015089406631886959,
0.05134184658527374,-0.05911894142627716,
0.020467327907681465,0.059668995440006256,
-0.04153740033507347,0.0044995578937232494,
0.015209025703370571,-0.014247925952076912,
-0.017785411328077316,-0.010214417241513729,
-0.01863258332014084,-0.0052459524013102055,
-0.01539431419223547,-0.026651915162801743,
-0.016804352402687073,0.008524211123585701,
-0.0037183668464422226,-0.004340638872236013,
0.01389492116868496,-0.014083249494433403,
-0.03136832267045975,0.035042934119701385,
0.005330543965101242,0.02996385283768177,
0.011594275012612343,0.0289829783141613,
0.0025340234860777855,0.029289523139595985,
0.018170401453971863,0.017738498747348785,
0.005301767028868198,0.008993606083095074,
-0.012086094357073307,-0.016727803274989128,
-0.004883402492851019,-0.009520726278424263,
0.025123311206698418,-0.019193748012185097,
-0.048212744295597076,0.016345588490366936,
-0.024229886010289192,-0.0017450667219236493,
0.02583031728863716,-0.009431445971131325,
-0.0003214052994735539,0.016409674659371376,
0.020877839997410774,-0.013086564838886261,
-0.035924024879932404,0.0038210295606404543,
0.00012007171608274803,-0.013512765057384968,
0.03881331905722618,0.009968636557459831,
0.040970511734485626,0.050452280789613724,
0.020998384803533554,-0.04478360339999199,
0.00064263422973454,0.029927005991339684,
0.022565806284546852,-0.05240468308329582,
-0.034101951867341995,-0.010921584442257881,
-0.0226468313485384,0.024915380403399467,
-0.023823566734790802,0.00841301679611206,
-0.013658704236149788,0.022317582741379738,
-0.0027720232028514147,-0.06176144257187843,
-0.0024301684461534023,0.00546382088214159,
0.015990888699889183,0.008552650921046734,
-0.00651372829452157,-0.004782248288393021,
0.010072371922433376,0.0034095828887075186,
0.010683202184736729,0.0031730353366583586,
0.02121061645448208,-0.004083961248397827,
0.011287175118923187,0.001677731517702341,
0.01222953200340271,-0.0006912116659805179,
-0.00013565237168222666,-0.024264976382255554,
-0.05960709601640701,-0.009198129177093506,
0.008807203732430935,0.013310854323208332,
-0.0007884326623752713,-0.0012024332536384463,
0.026693403720855713,-0.02948138862848282,
0.0019885082729160786,-0.009120906703174114,
0.03346764296293259,-0.008729321882128716,
-0.0020605754107236862,-0.016372742131352425,
0.0032138328533619642,0.01091824285686016,
0.033828508108854294,0.05866844207048416,
-0.013885397464036942,-0.023601112887263298,
-0.004187721759080887,-0.017591986805200577,
-0.019031688570976257,0.01914033107459545,
-0.014197882264852524,-0.022472143173217773,
0.0252542681992054,0.011986659839749336,
0.009426414966583252,-0.028885718435049057,
0.029406679794192314,-0.031192149966955185,
-0.01260918565094471,-0.008078639395534992,
-0.01831158623099327,0.019697515293955803,
0.02723797969520092,-0.0019321981817483902,
0.0069701350294053555,0.011401563882827759,
-0.012244818732142448,-0.020386889576911926,
-0.007014214526861906,-0.01507417019456625,
0.008438517339527607,0.008446157909929752,
-0.00574038689956069,-0.003682197304442525,
-0.01570861041545868,-0.0065357135608792305,
-0.008168088272213936,0.056871332228183746,
0.010937941260635853,-0.009582139551639557,
-0.011265408247709274,-0.023302489891648293,
0.009234219789505005,0.04186993092298508,
0.033900000154972076,-0.01155799999833107,
-0.0036574446130543947,-0.0024812864139676094,
-0.020526595413684845,0.040752533823251724,
-0.01431995164602995,-0.01590966247022152,
0.007364395074546337,-0.032024774700403214,
0.015794890001416206,0.00011582380830077454,
0.032300952821969986,0.005450790748000145,
0.01702788844704628,-0.032165758311748505,
0.024526137858629227,0.0029562825802713633,
-0.011223269626498222,-0.01026484090834856,
-0.028383782133460045,8.321840141434222e-05,
-0.00342536810785532,-0.007690298371016979,
-0.02394464984536171,0.004727999214082956,
0.004170706495642662,-0.0011174117680639029,
0.014540151692926884,0.01889563538134098,
0.011751449666917324,-0.0162489153444767,
-0.0074773491360247135,-0.025230130180716515,
0.0065190596505999565,0.025073420256376266,
-0.05600737780332565,-0.024952959269285202,
0.007536156103014946,0.06142941117286682,
0.00953048188239336,0.0454590730369091,
0.009155679494142532,-0.04939604923129082,
0.014300387352705002,0.06026524677872658,
-0.009452146477997303,-0.005928726401180029,
0.0016870512627065182,0.025970550253987312,
0.0010547955753281713,-0.00843412522226572,
0.03510778769850731,-0.03214643523097038,
-0.005345527548342943,0.036442194133996964,
0.0336921252310276,-0.038008641451597214,
0.022490082308650017,-0.021222734823822975,
0.012099687941372395,0.022213898599147797,
-0.008978266268968582,0.006619861349463463,
0.01514237467199564,-0.03205539286136627,
0.04213787615299225,0.036322399973869324,
0.016715358942747116,-0.013077344745397568,
-0.029921501874923706,0.02063741348683834,
-0.01461444329470396,-0.03083004243671894,
-0.021594738587737083,0.015626003965735435,
0.005938625894486904,-0.04898018389940262,
0.019358526915311813,0.029161833226680756,
0.021176790818572044,0.012316758744418621,
-0.012856162153184414,0.01845923438668251,
0.010094957426190376,0.031212594360113144,
0.0020133773796260357,-0.02605796605348587,
0.02811521664261818,0.021822107955813408,
-0.03238911181688309,-0.03395067900419235,
-0.02204480953514576,0.029835015535354614,
-0.025904037058353424,-0.023526396602392197,
0.054791130125522614,-0.006373084615916014,
0.023001862689852715,-0.010883908718824387,
-0.03028140589594841,-0.03931237757205963,
-0.026734549552202225,0.03460035100579262,
0.022198963910341263,-0.0331583172082901,
0.021511202678084373,0.008084944449365139,
0.01648765243589878,0.003051657695323229,
-0.03958252817392349,0.027859719470143318,
0.003102389629930258,0.01337461732327938,
-0.013013673946261406,0.009449195116758347,
0.010583372786641121,0.009329899214208126,
0.012564086355268955,0.014307443052530289,
0.012451674789190292,0.014703301712870598,
-0.011326410807669163,0.011066104285418987,
-0.018180865794420242,-0.0060234107077121735,
0.01373752299696207,-0.04096953198313713,
-0.031665802001953125,-0.030057182535529137,
-0.012965216301381588,0.011289656162261963,
0.041842538863420486,-0.0013932522851973772,
0.012052633799612522,0.045538440346717834,
0.020344197750091553,-0.03829031437635422,
0.01307328138500452,0.012126664631068707,
0.020615601912140846,-0.02283524163067341,
0.003424198366701603,-0.012482247315347195,
-0.004520460497587919,-0.012154785916209221,
0.04083814099431038,0.009386632591485977,
-0.015458013862371445,0.0472983717918396,
-0.010553916916251183,-0.02954004891216755,
0.007676984649151564,-0.034064337611198425,
0.011251643300056458,0.02967868559062481,
-0.010493170469999313,0.044314973056316376,
-0.018839102238416672,-0.022093674167990685,
-0.0030684133525937796,0.0380997471511364,
-0.06454593688249588,0.0048806625418365,
0.013531357049942017,-0.009685615077614784,
-0.005195751786231995,-0.03533449396491051,
0.006335095502436161,-0.02579871006309986,
0.03278672322630882,-0.04478121176362038,
0.030638203024864197,-0.043769605457782745,
-0.00736612593755126,1.9453244021860883e-05,
-0.0020527932792901993,0.004302724730223417,
0.041497062891721725,-0.002937709679827094,
-0.018626229837536812,-0.033327553421258926,
0.0006357140373438597,0.004254179075360298,
0.007778767962008715,0.0133065739646554,
0.004190459381788969,0.03865521028637886,
0.03145457059144974,-0.002998870797455311,
-0.017983581870794296,-0.04018112272024155,
0.030284954234957695,0.01169847883284092,
-0.007773749530315399,0.008054395206272602,
0.0005882064579054713,0.01790887862443924,
-0.010435818694531918,-0.02121811732649803,
0.021484874188899994,0.01892184279859066,
-0.0032078875228762627,0.016068166121840477,
0.02401549741625786,-0.024250637739896774,
0.020537154749035835,-0.04235725477337837,
-0.014074364677071571,-0.011823108419775963,
-0.0469016507267952,0.020485922694206238,
-0.028997905552387238,-0.023333074524998665,
0.00250403699465096,0.00360211287625134,
-0.017818380147218704,0.03296799585223198,
-0.026626329869031906,0.00033612281549721956,
-0.009016022086143494,-0.019855359569191933,
-0.0013075941242277622,-0.002369740279391408,
-0.008787188678979874,-0.019579295068979263,
0.005338315386325121,-0.011410272680222988,
-0.01567097380757332,0.017439857125282288,
-0.009391658939421177,0.00666049774736166,
0.024994581937789917,-0.01795092411339283,
-0.004810301586985588,-0.03498047590255737,
-0.014427367597818375,0.02351304702460766,
-0.006207313388586044,-0.01039337832480669,
-0.0046051302924752235,0.003388299373909831,
-0.04805867373943329,0.004865249618887901,
0.005931546445935965,0.003706885501742363,
0.042213305830955505,-0.0016130311414599419,
-0.03248322755098343,-0.025951091200113297,
-0.02177472971379757,-0.0067587061785161495,
-0.0270560160279274,0.016227692365646362,
0.0014656077837571502,-0.0074239750392735004,
-0.003964687697589397,0.011054486967623234,
-0.0054869502782821655,-0.013794097118079662,
-0.00812982115894556,0.0038115340285003185,
0.0024820405524224043,-0.024540750309824944,
0.017670972272753716,0.017535725608468056,
0.03851314261555672,0.02457323484122753,
0.024577884003520012,-0.020525548607110977,
-0.01024720910936594,-0.004195254296064377,
0.009565683081746101,-0.018873680382966995,
0.01244539488106966,3.8186233723536134e-05,
0.00745577085763216,0.006404123269021511,
-0.024121426045894623,0.032797664403915405,
-0.017569296061992645,0.041591987013816833,
-0.03262660652399063,0.04643373191356659,
0.0106036476790905,0.021819597110152245,
0.005751489195972681,0.009455681778490543,
-0.023419927805662155,-0.007428357377648354,
0.01097893062978983,-0.028648780658841133,
0.008225193247199059,0.034843385219573975,
-0.006090033333748579,0.011680172756314278,
-0.005609759129583836,0.016991641372442245,
-0.029644746333360672,0.0133798997849226,
0.02264958620071411,-0.014872494153678417,
-0.03169689700007439,-0.011706766672432423,
-0.010121479630470276,0.010576830245554447,
0.0020679670851677656,0.028361400589346886,
0.008266227319836617,-0.0024963789619505405,
-0.012068009935319424,-0.03970572352409363,
0.006048598326742649,-0.013628432527184486,
-0.005132990423589945,0.03052639588713646,
-0.03273424878716469,-0.02587238699197769,
0.027189215645194054,-0.008051206357777119,
0.0006556524895131588,0.045685674995183945,
-0.02265193685889244,-0.02075391262769699,
0.023807428777217865,-0.013554529286921024,
-0.03249670937657356,0.016208499670028687,
0.0032531609758734703,0.010485737584531307,
0.003911897540092468,-0.04421752318739891,
-0.03124132752418518,-0.03833721950650215,
0.025857772678136826,-0.021420955657958984,
0.023825233802199364,-0.025743205100297928,
0.027365945279598236,-7.184017158579081e-05,
0.0072290292009711266,-0.02484261989593506,
0.03150913864374161,-0.05364396050572395,
-0.029471397399902344,0.030754664912819862,
0.027250565588474274,-0.00518786022439599,
0.032418008893728256,-0.02444376051425934,
-0.002182180294767022,0.042350489646196365,
-0.0044670444913208485,0.019797615706920624,
-0.021918946877121925,-0.028981197625398636,
-0.007622699253261089,-0.015706568956375122,
-0.012545138597488403,-0.005966285243630409,
0.04860183596611023,-0.006383418571203947,
0.029628323391079903,-0.00915190763771534,
0.007041728589683771,0.016243984922766685,
0.03659703955054283,0.00878171157091856,
0.014321627095341682,0.003872997360303998,
-0.008762646466493607,-0.03565456345677376,
0.008631441742181778,-0.03426835685968399,
0.03217092528939247,-0.0038607430178672075,
-0.05110743269324303,0.026764465495944023,
0.0019184158882126212,0.015628118067979813,
-0.03569278120994568,-0.03179425001144409,
-0.008776180446147919,0.009489313699305058,
-0.0032969375606626272,-0.0003480942395981401,
0.02123495377600193,-0.012104358524084091,
0.006158714648336172,0.003153204917907715,
-0.04128795489668846,0.03246835619211197,
0.006805387791246176,-0.03261458873748779,
0.013102518394589424,-0.014622447080910206,
-0.039038144052028656,0.001395195024088025,
-0.018526453524827957,0.02883308194577694,
0.01740575209259987,-0.04371018335223198,
0.01661001145839691,0.02574518881738186,
0.010002629831433296,-0.012848559767007828,
-0.0014208320062607527,-0.007667881902307272,
0.033148832619190216,-0.0068693608045578,
0.01259701419621706,0.012077254243195057,
-0.035592492669820786,-0.0028079382609575987,
0.012118062004446983,0.010875849053263664,
0.021431801840662956,0.012850825674831867,
-0.0017760477494448423,-0.007802675478160381,
0.019483264535665512,0.0067152236588299274,
-0.013788701966404915,0.008788789622485638,
-0.0005060260882601142,-0.011831045150756836,
-0.0024143680930137634,0.005923653952777386,
-0.026354609057307243,0.011960707604885101,
-0.003032960696145892,-0.02259465679526329,
-0.011522669345140457,-0.0170983225107193,
-0.0024591160472482443,-0.009772151708602905,
0.007342476863414049,-0.000653361901640892,
-0.0059655774384737015,0.022482603788375854,
0.01960180327296257,-0.021027008071541786,
-0.00348156807012856,-0.012346657924354076,
0.042079824954271317,-0.05789372697472572,
0.0210122000426054,0.03816480189561844,
0.00577212730422616,-0.01066497340798378,
-0.01634986139833927,-0.03379741683602333,
0.022425195202231407,0.015727590769529343,
-0.040958698838949203,-0.030879024416208267,
0.022293398156762123,-0.028970712795853615,
0.001934599131345749,-0.025801347568631172,
0.026284966617822647,0.021054640412330627,
0.023155659437179565,0.007579125929623842,
0.0017547529423609376,-0.0007129429141059518,
-0.012745424173772335,-0.003908488433808088,
0.0014347538817673922,0.016476353630423546,
0.032113950699567795,0.02153637446463108,
-0.01251527201384306,-0.014058101922273636,
0.019735243171453476,0.0035519665107131004,
-0.029572583734989166,-0.04128769412636757,
-0.010765695944428444,0.0299841295927763,
-0.015617219731211662,-0.05465547740459442,
0.0328487753868103,0.003068231977522373,
-0.006945144385099411,-0.005609054584056139,
0.004442695528268814,0.02089686132967472,
-0.01548796147108078,0.003581669181585312,
-0.018506087362766266,-0.007380870636552572,
-0.020490391179919243,-0.0016761964652687311,
-0.03634312003850937,0.016698449850082397,
0.0011221545282751322,-0.016544286161661148,
-0.015847228467464447,-0.03555874153971672,
0.038254767656326294,-0.03460073471069336,
0.020937759429216385,0.016744818538427353,
0.05259840190410614,0.04715174809098244,
-0.0015804975992068648,-0.03488512709736824,
0.023583421483635902,0.04882602393627167,
0.022247985005378723,0.025004742667078972,
0.004113197326660156,-0.011730026453733444,
0.04218929633498192,-0.015367968007922173,
0.005940531846135855,-0.021184545010328293,
0.005807008594274521,0.029803667217493057,
-0.01647624373435974,-0.0012136566219851375,
-0.013425243087112904,0.0036449176259338856,
0.018068132922053337,0.024752551689743996,
0.005752593744546175,0.008483299985527992,
0.021494032815098763,-0.00015155543223954737,
0.0021915417164564133,0.01543596014380455,
-0.005187493283301592,0.004927906207740307,
-0.01583784818649292,0.0329311303794384,
0.0012113784905523062,-0.02428417280316353,
-0.031769078224897385,-0.04146555811166763,
-0.016535112634301186,-0.02004844881594181,
-0.02317315898835659,0.025651419535279274,
-0.021327689290046692,-0.04288049414753914,
-0.004157812800258398,0.033308710902929306,
-0.003684727940708399,-0.022242870181798935,
0.03492821007966995,0.0371442511677742,
0.004775744862854481,-0.05724678933620453,
-0.030337633565068245,-0.034411050379276276,
0.04063249006867409,-0.02324696257710457,
-0.0027441836427897215,-0.0006523587508127093,
0.0066184657625854015,0.021207911893725395,
0.020568491891026497,-0.010860358364880085,
-0.04168521985411644,0.007638823706656694,
-0.021286804229021072,0.026200126856565475,
0.03019128367304802,0.003939597401767969,
-0.02074732445180416,0.03738533705472946,
0.008666873909533024,0.010453956201672554,
-0.008687688037753105,0.015743056312203407,
-0.007699884474277496,-0.007253538351505995,
0.0127208037301898,-0.020579872652888298,
-0.01877417601644993,-0.02077619358897209,
0.021818168461322784,0.006066001486033201,
-0.004315693397074938,-0.04163355380296707,
-0.01223794836550951,-0.012871448881924152,
-0.012316646985709667,0.020232362672686577,
-0.006367863621562719,0.00024242121435236186,
0.011558063328266144,0.00021544095943681896,
0.008853038772940636,-0.042145758867263794,
0.014236272312700748,-0.01184697076678276,
-0.002940385602414608,-0.0003285619313828647,
-0.0018199961632490158,0.02618739940226078,
0.028614535927772522,0.0192582905292511,
0.008303435519337654,0.050596415996551514,
0.03752601146697998,0.029768584296107292,
-0.01656581088900566,-0.0103227524086833,
-0.018158452585339546,-0.025385523214936256,
-0.0016550347208976746,-0.0014483475824818015,
-0.05270911753177643,-0.01638980768620968,
-0.018788235262036324,0.005780533887445927,
0.052204761654138565,0.023418165743350983,
0.010458988137543201,-0.023370200768113136,
-0.017493557184934616,-0.01283908449113369,
-0.044888686388731,0.006016706116497517,
0.01654842495918274,0.03404251113533974,
-0.003164958907291293,0.004571909084916115,
0.0006986430380493402,0.016344813629984856,
0.015014412812888622,0.03822118043899536,
0.023252421990036964,-0.006621832028031349,
0.039644334465265274,-0.024938127025961876,
-0.016903771087527275,0.002017071470618248,
-0.007031267508864403,-0.010639318265020847,
0.03177327290177345,-0.007671463303267956,
0.0005471794283948839,-0.025267625227570534,
-0.014465619809925556,-0.005082752089947462,
-0.016226530075073242,-0.01300281472504139,
0.0019425028003752232,-0.010041303001344204,
-0.04772147536277771,0.020103581249713898,
0.027502374723553658,-0.002273735124617815,
-4.1746134229470044e-06,-0.028895162045955658,
0.0029575377702713013,-0.011571045964956284,
-0.005507142283022404,0.008975890465080738,
-0.02403523027896881,-0.016297919675707817,
0.009559291414916515,-0.009726008400321007,
-0.009970344603061676,0.027576595544815063,
-0.02788548916578293,-0.009736479260027409,
0.02425229176878929,-0.012093708850443363,
0.0012873930390924215,0.01550458837300539,
-0.023311197757720947,0.0024348897859454155,
-0.014348548837006092,0.012239265255630016,
0.035247042775154114,0.014796174131333828,
0.01245314721018076,-0.013585545122623444,
-0.008113454096019268,0.0029561601113528013,
0.027512334287166595,-0.022405553609132767,
0.004808968864381313,0.04701359197497368,
-0.006973006762564182,-0.019891154021024704,
-0.0008626562193967402,0.014900470152497292,
-0.039337508380413055,0.003305805381387472,
-0.012910516932606697,-0.005200417712330818,
-0.048392605036497116,-0.0023626487236469984,
0.03177516534924507,-0.0009842092404142022,
0.014042428694665432,0.0015819643158465624,
0.010475513525307178,0.0012284807162359357,
0.02554979920387268,-0.010672562755644321,
0.0012720783706754446,0.026363443583250046,
-0.009602485224604607,-0.06879385560750961,
0.05920521914958954,0.040090419352054596,
-0.00498246680945158,0.024850258603692055,
-0.0035076013300567865,-0.019520297646522522,
0.02768009714782238,0.0012960574822500348,
-0.007252918556332588,0.017451845109462738,
0.014859765768051147,-0.01753639243543148,
-0.007911480031907558,-0.01461829710751772,
0.013019529171288013,-0.01229659840464592,
0.015518794767558575,-0.003480582730844617,
-0.01733456924557686,0.03316405415534973,
-0.015562884509563446,-0.02193140611052513,
0.02408681809902191,-0.005641177762299776,
-0.019255178049206734,-0.009318038821220398,
-0.017743928357958794,0.017913680523633957,
0.007582467515021563,-0.04994170367717743,
0.0012458462733775377,0.004070316441357136,
0.0008052423363551497,-0.00013962507364340127,
-0.023035870864987373,-0.004729032516479492,
-0.028169870376586914,-0.024116434156894684,
-0.0153264245018363,-0.0033548730425536633,
-0.05030788853764534,0.011594579555094242,
-0.025366004556417465,-0.02988533116877079,
0.005065391771495342,-0.039119116961956024,
-0.006057380698621273,-0.0007313641253858805,
0.007662302814424038,-0.006114239804446697,
-0.008945424109697342,0.022105036303400993,
0.05298770219087601,-0.002359207719564438,
-0.0025994540192186832,-0.05984210595488548,
0.014556595124304295,-0.02166632004082203,
0.024580014869570732,-0.018940387293696404,
0.005897299386560917,-0.009188199415802956,
0.02240177057683468,-0.002497919136658311,
-0.004234102088958025,0.045569855719804764,
-0.03306267783045769,0.02078191563487053,
-0.015157132409512997,-0.0028846587520092726,
0.03618404269218445,0.029356814920902252,
0.005860707722604275,-0.006796856876462698,
-0.023726636543869972,-0.02952527068555355,
0.017919233068823814,-0.033158816397190094,
0.011329499073326588,0.005880910903215408,
0.00024926860351115465,0.029683049768209457,
-0.021474039182066917,-0.03207564353942871,
-0.009232454001903534,-0.002719303360208869,
0.005562827456742525,0.04426434636116028,
0.006535748485475779,0.02491193823516369,
-0.01452573761343956,-0.04509013146162033,
0.006099345162510872,-0.004791657906025648,
0.010082915425300598,-0.008749001659452915,
-0.01768432930111885,0.029446261003613472,
0.005713327322155237,0.005357098300009966,
-0.0004604581044986844,-0.017267968505620956,
0.013297283090651035,-0.014902661554515362,
0.010155025869607925,-0.032341789454221725,
-0.0031978883780539036,0.01319738756865263,
-0.017026277258992195,0.006902584806084633,
-0.009167728014290333,-0.024707291275262833,
-0.019969340413808823,-0.00421533826738596,
-0.013197284191846848,0.01799183338880539,
-0.007672765292227268,-0.02236291766166687,
0.011027030646800995,0.06073565036058426,
0.006503344047814608,-0.024498548358678818,
0.012761637568473816,-0.021090950816869736,
-0.03441924601793289,0.0021845551673322916,
0.01465081237256527,-0.019281746819615364,
0.009465846233069897,0.02411920204758644,
0.017361819744110107,0.017856450751423836,
-0.008336103521287441,-0.025147181004285812,
0.01251914445310831,0.015533854253590107,
0.028839223086833954,0.0016116530168801546,
0.04882049560546875,-0.011952465400099754,
0.016430245712399483,0.0026322747580707073,
0.004553864244371653,0.006814056541770697,
0.0013315007090568542,-0.021247083321213722,
0.037061966955661774,0.007820815779268742,
0.03866052255034447,-0.01190836913883686,
-0.019618704915046692,-0.01443279255181551,
-0.029465219005942345,-0.006290205754339695,
-0.012534977868199348,0.04900309816002846,
0.0010235774097964168,-0.010856842622160912,
-0.012610922567546368,0.02602369524538517,
-0.012902271933853626,-0.01986725814640522,
-0.01908225566148758,-0.012054654769599438,
0.012672340497374535,0.04197114706039429,
-0.046209175139665604,0.0060594636015594006,
0.03082709200680256,-0.044141869992017746,
-0.010251995176076889,-0.02703438140451908,
-0.007486104033887386,-0.04521351680159569,
0.004411783535033464,-0.02354145422577858,
0.009273776784539223,-0.04378708824515343,
0.006508581805974245,0.0019966287072747946,
-0.02407611533999443,-0.0015853940276429057,
0.011141270399093628,0.04874919727444649,
-0.01011043693870306,-0.0021021694410592318,
-0.01618366129696369,0.028279950842261314,
-0.015693675726652145,-0.005423291586339474,
0.006370122078806162,0.013394283130764961,
0.03624199703335762,0.01713935099542141,
0.01705588772892952,-0.02656657248735428,
-0.05061262845993042,0.036235511302948,
-0.045245211571455,-0.020402368158102036,
0.003959171939641237,0.001367463730275631,
-0.03657352924346924,0.005478179547935724,
-0.013240371830761433,0.032301388680934906,
-0.00012616172898560762,-0.003698221640661359,
-0.004963462240993977,0.019036421552300453,
0.009160288609564304,0.009746062569320202,
0.010820520110428333,-0.0022162473760545254,
0.012277679517865181,-0.022080570459365845,
0.009943763725459576,-0.010556142777204514,
0.04341401904821396,0.027240173891186714,
-0.006546120159327984,-0.03967035561800003,
0.031570594757795334,-0.010606457479298115,
-0.016056006774306297,-0.01067624893039465,
-0.039960552006959915,0.01807565614581108,
-0.0028891151305288076,0.01008809357881546,
0.0021985145285725594,0.016533151268959045,
-0.001131272641941905,-0.04975450783967972,
-0.0355246439576149,-0.031641628593206406,
0.03992658853530884,0.01685461588203907,
0.04999829828739166,-0.02943267486989498,
-0.017841093242168427,0.007683636620640755,
0.014312662184238434,0.024983033537864685,
0.00948698353022337,0.005255823023617268,
0.011504963040351868,0.0004591534088831395,
0.039573799818754196,-0.018403464928269386,
0.04063086956739426,-0.025240208953619003,
0.024571364745497704,0.006617831997573376,
-0.03321288898587227,0.02699519321322441,
0.0192861370742321,-0.019171342253684998,
0.014935978688299656,0.022775329649448395,
-0.005073308479040861,-0.02922958694398403,
-0.017013022676110268,0.012142040766775608,
0.009987629018723965,0.019058769568800926,
0.029569778591394424,-0.031462717801332474,
0.005479566287249327,-0.01127785537391901,
-0.021988067775964737,0.0071634091436862946,
-0.01605810783803463,-0.015107658691704273,
0.032112762331962585,-0.022551996633410454,
0.020956670865416527,-0.03120669536292553,

pkj_actor,pkj_actor.weight
-0.3801935911178589
-0.18526655435562134
0.0623762272298336
0.05476992949843407
-1.2014950513839722
-0.22167211771011353
0.14034798741340637
0.21828417479991913
-0.6015333533287048
-0.11954636126756668
-0.9340824484825134
-0.02514049783349037
0.11464742571115494
0.23877772688865662
0.08443304151296616
-0.35341551899909973
-1.0748430490493774
-0.5661001205444336
-0.09469444304704666
0.12253770232200623
-0.48823514580726624
-0.13125620782375336
0.09773492813110352
-0.01322950143367052
0.023472227156162262
0.06752959638834
0.02928423322737217
-0.5687083005905151
-0.0027502167504280806
-0.025288745760917664
0.2398274838924408
0.04715179279446602
0.009289881214499474
0.09395062178373337
0.009845308028161526
-0.057021453976631165
-0.023564942181110382
0.08462857455015182
0.004388779401779175
-0.054590869694948196
0.024717554450035095
0.09760120511054993
-0.06879127770662308
-0.03182348981499672
0.043537624180316925
0.09821077436208725
-0.12820188701152802
0.025082772597670555
-0.4148976504802704
-0.057315487414598465
0.0916009396314621
-0.03318685293197632
-1.627295732498169
-0.3303000330924988
0.26864945888519287
0.2858947217464447
-0.7097196578979492
-0.06439383327960968
0.210401251912117
-0.003782411804422736
0.03903518244624138
0.19843943417072296
-0.3337501883506775
-0.47388625144958496
-1.0244464874267578
0.01358533464372158
-0.04497763514518738
-0.03904092311859131
-0.8239937424659729
-0.1839071810245514
-0.14241144061088562
0.01332798134535551
-0.192056342959404
-0.051345065236091614
0.0067261019721627235
-0.521833062171936
-0.06701145321130753
0.019322680309414864
-0.09330056607723236
0.11735497415065765
-0.9934477806091309
-0.380246102809906
-0.020733961835503578
0.41297680139541626
-0.6172935962677002
-0.2705865800380707
0.10689444094896317
0.018212029710412025
0.07140211760997772
0.12493900954723358
0.0521099716424942
-0.33005988597869873
-0.008784857578575611
-0.03448110446333885
0.18677501380443573
-0.2802669107913971
-0.009645811282098293
0.029173970222473145
0.052827656269073486
-0.07369115203619003
-0.28295978903770447
0.12042377889156342
-0.03284889832139015
0.05228109285235405
-0.09656411409378052
0.10880021005868912
0.128383606672287
-0.053071342408657074
0.009525556117296219
0.09842117130756378
-0.2398247867822647
0.04489181935787201
-0.1820666640996933
-0.01546172983944416
0.09081848710775375
0.007267238572239876
-1.4043700695037842
-0.3656097650527954
0.2625851333141327
0.2506487965583801
-0.7213402390480042
-0.15923576056957245
0.1335168182849884
-0.02154351770877838
0.0733996331691742
0.09929226338863373
-0.043126869946718216
-0.3741028308868408
-0.1482754349708557
0.06762751191854477
0.03349260240793228
0.04538850858807564
-1.1487280130386353
-0.4174826741218567
0.2123776227235794
0.20329549908638
-0.567841112613678
-0.17916420102119446
0.05451018735766411
0.08303613215684891
0.1584692746400833
-0.037155430763959885
0.05004777014255524
-0.41255226731300354
-1.276053547859192
-0.26347050070762634
-0.14085838198661804
0.14104467630386353
-1.6491388082504272
-0.7177959084510803
0.145949125289917
0.2511404752731323
-0.8888366222381592
-0.15248136222362518
-0.5263104438781738
-0.16714856028556824
0.07225871086120605
0.17257875204086304
-0.22289226949214935
-0.5262941718101501
-0.021243399009108543
0.06753308326005936
0.004960690159350634
-0.022925641387701035
0.021166743710637093
0.05856897681951523
-0.0052238283678889275
-0.03150608763098717
0.03930165246129036
-0.021465567871928215
-0.027219712734222412
-0.10935797542333603
-0.021438928321003914
-0.005844186060130596
-0.046614449471235275
-0.010239404626190662
0.10093358904123306
0.02609335258603096
0.01758025959134102
0.023857297375798225
-0.08491834253072739
0.008993064053356647
0.0032391753047704697
0.0050039044581353664
-0.08394357562065125
0.04263043776154518
-0.06780719757080078
-0.08164729177951813
-0.07096178829669952
0.03204512596130371
0.10689958184957504
0.024461448192596436
-1.3101764917373657
-0.3723105192184448
0.12704229354858398
0.2537919282913208
-0.7025127410888672
-0.1748485267162323
0.04873056337237358
0.121836818754673
0.07634623348712921
0.013640371151268482
0.06595221161842346
-0.6562456488609314
-0.04131747782230377
0.1082405224442482
0.3148499131202698
0.6969457268714905
-0.5807568430900574
-0.06393253058195114
0.1053600087761879
0.048372507095336914
-0.25743383169174194
0.0625220537185669
0.022718431428074837
0.0532720685005188
-0.04930886626243591
-0.019298307597637177
0.1948826014995575
0.14859910309314728
-0.09002577513456345
0.2629532814025879
0.0446716770529747
0.3524962365627289
-1.5017653703689575
-0.45837321877479553
0.05920504033565521
0.27726686000823975
-1.9016999006271362
-0.5655184388160706
0.18064099550247192
0.2522904574871063
-0.9551757574081421
-0.18038538098335266
-0.38570523262023926
-0.617936372756958
0.05904815346002579
0.1327962428331375
0.09795431792736053
0.22985844314098358
-1.2679468393325806
0.10527379810810089
-0.03391652554273605
0.09343298524618149
-0.5841448903083801
-0.07843220978975296
-0.15635822713375092
0.05153830349445343
-0.12704019248485565
-0.03930814564228058
0.12054547667503357
0.1438605934381485
0.06256405264139175
0.012605917640030384
-0.7947093844413757
-0.04368744045495987
-1.0651057958602905
-0.3278537094593048
0.09765154868364334
0.1858317106962204
-1.0951381921768188
-0.12562285363674164
-0.13821277022361755
-0.007841143757104874
-0.06054225564002991
-0.04820624738931656
0.09645015746355057
-0.4912744164466858
0.048416927456855774
0.07189309597015381
-0.08533969521522522
0.7290464043617249
0.001462245243601501
0.02677231840789318
-0.018307212740182877
0.015525411814451218
-0.7123227715492249
-0.06995273381471634
-0.12364938855171204
-0.027683451771736145
-0.3729778826236725
-0.08648385852575302
-0.0649895891547203
0.03999676927924156
-0.03801492229104042
0.010154712945222855
-0.4811857044696808
0.04356164112687111
-0.04663898050785065
0.01941828615963459
-0.0039043144788593054
-0.031397417187690735
-0.1436929702758789
-0.059643425047397614
0.12250656634569168
0.011991512961685658
-0.11806502938270569
0.13286451995372772
0.015983235090970993
0.04566049203276634
0.021525012329220772
-0.04148881137371063
0.12002500891685486
0.06646042317152023
-1.1831905841827393
-0.07273592799901962
-0.017620250582695007
-0.014687683433294296
-1.208668828010559
-0.09434612095355988
0.31250786781311035
-0.049611058086156845
-0.2605929672718048
0.073882095515728
0.18808351457118988
0.2537928521633148
-0.01437033899128437
0.12262064218521118
-0.2953891158103943
0.00167573313228786
-1.0504685640335083
-0.34696751832962036
0.1932607889175415
0.3679735064506531
-1.1730884313583374
-0.35718920826911926
0.005763977766036987
0.2753072679042816
-0.38352394104003906
-0.17240872979164124
-0.04385804012417793
-0.5142170190811157
0.025388754904270172
0.10498900711536407
0.19871798157691956
0.7223483920097351
0.0852448046207428
-0.013406024314463139
0.009638039395213127
-0.04303097352385521
0.020886391401290894
-0.04405045881867409
0.000840867985971272
-0.07441059499979019
-0.004877475555986166
0.0023532910272479057
0.047815028578042984
-0.0728403776884079
0.021598437801003456
0.0061429934576153755
-0.05590125918388367
-0.011374691501259804
-0.05530530586838722
0.055686455219984055
-0.03365728259086609
-0.04455340653657913
-1.1820578575134277
-0.504734218120575
-0.0630192831158638
0.028065815567970276
-0.9811995625495911
-0.22399674355983734
0.05656569078564644
-0.01853528432548046
0.06103130802512169
0.12167362123727798
0.2984450161457062
-0.7532382011413574
0.03593452274799347
-0.006260574329644442
-0.03929639607667923
0.0056837634183466434
0.041040971875190735
-0.09242457896471024
0.0621148981153965
-0.03618495911359787
0.049168676137924194
0.01110193319618702
-0.00806337594985962
-0.015161157585680485
0.015752043575048447
-0.08700279146432877
-0.017823606729507446
-0.00035079472581855953
-0.17078056931495667
0.09583356976509094
0.01996018923819065
-0.012677401304244995
-1.4303948879241943
-0.3702847361564636
0.0588369183242321
0.0034712087363004684
-0.8093032836914062
-0.2735283672809601
-0.06030187010765076
0.03758113831281662
-0.0010106490226462483
-0.07194638252258301
-0.17881131172180176
-0.12306302040815353
-0.9436578154563904
-0.032671522349119186
-0.1418067216873169
0.03908770903944969
-0.49926823377609253
-0.1935955435037613
-0.042698875069618225
0.062049590051174164
0.08564195036888123
0.2658771574497223
-0.020283807069063187
-0.7148087024688721
0.005195561330765486
-0.02402820996940136
0.45065003633499146
0.13010409474372864
-0.926411509513855
-0.034476298838853836
0.14171266555786133
-0.02740536443889141
-0.3840894401073456
-0.1103501096367836
-0.05780833587050438
-0.033261410892009735
0.05435511842370033
-0.02450956404209137
-0.005547959357500076
-0.5577412843704224
-0.06919746845960617
0.020313426852226257
0.1098843663930893
0.5708591341972351
-1.22541344165802
-0.02662547491490841
0.06389175355434418
0.03283222019672394
-0.462581068277359
-0.1485656052827835
0.09519723057746887
0.00862053781747818
-0.009222736582159996
0.005107539240270853
0.015530207194387913
0.11261632293462753
0.03862401470541954
0.03862067684531212
0.12183035910129547
-0.09046828746795654
-1.4572868347167969
-0.44244545698165894
0.2070973962545395
0.17431163787841797
-0.812805712223053
-0.21024510264396667
0.04910164698958397
0.044979944825172424
0.05100986734032631
0.2527964413166046
0.09319128841161728
-0.693829357624054
0.025753773748874664
0.10526277869939804
0.07458388060331345
0.842373251914978
-1.2363855838775635
-0.2353237420320511
0.23146432638168335
0.034089136868715286
-0.6117900013923645
-0.18689239025115967
-0.045095156878232956
0.038117557764053345
0.1203206479549408
0.02197900228202343
0.006791321095079184
-0.6985143423080444
-0.030552109703421593
0.016102278605103493
0.23374244570732117
0.7252836227416992
-0.21793676912784576
-0.03903258591890335
-0.03602847456932068
-0.06221304461359978
-0.2287038266658783
0.16814853250980377
0.060744814574718475
-0.007574357558041811
-0.09405329823493958
0.09008445590734482
0.08514486253261566
0.07691263407468796
0.0474260076880455
0.08387726545333862
-0.2848110496997833
-0.007403190713375807
-0.13677728176116943
0.11187421530485153
0.06157372519373894
2.0854267859249376e-05
-0.812244713306427
-0.034411199390888214
-0.15463949739933014
0.05600076913833618
-0.6558804512023926
-0.08253103494644165
-0.18955129384994507
0.07112371921539307
0.026367535814642906
-0.02102862112224102
-0.03959064558148384
-0.9480059146881104
0.15228310227394104
0.3929656744003296
0.2038893699645996
-0.05834605172276497
0.8276094198226929
0.1271747201681137
-0.06282364577054977
-0.045326340943574905
0.08205436170101166
0.2049051970243454
0.5925342440605164
0.04261592775583267
0.10831189900636673
0.0920824483036995
0.20108193159103394
-0.007087524514645338
0.445125937461853
0.3169146180152893
-0.1220778375864029
0.21680380403995514
-0.0975346565246582
0.16963906586170197
-0.09394291788339615
0.04287759214639664
0.11922534555196762
-0.03029714524745941
0.03507382050156593
0.47399336099624634
-0.036523595452308655
0.04623560979962349
-0.13694746792316437
0.13523581624031067
-0.1905612051486969
-0.1797395944595337
0.03939935564994812
0.026314299553632736
-0.08942027390003204
0.08610305935144424
0.006356358528137207
-0.03357807919383049
0.017751244828104973
0.038866106420755386
-0.16682499647140503
0.0357900895178318
-0.004045967943966389
0.16048584878444672
0.12962539494037628
0.14074215292930603
0.4026648700237274
-0.002600780688226223
0.10105091333389282
-0.010198402218520641
0.3433770537376404
-0.11550518870353699
-0.009018044918775558
-0.029659701511263847
-0.027345657348632812
-0.010134258307516575
-0.4864917993545532
0.008742962963879108
0.16010437905788422
0.1919385939836502
-0.15239225327968597
-0.13813576102256775
0.4839194118976593
-0.18280287086963654
0.06762605160474777
-0.04675528034567833
0.45509201288223267
-0.0962504968047142
0.21127451956272125
-0.07868929207324982
-0.1087232381105423
-0.09352236241102219
0.028015529736876488
0.04593528434634209
-0.025313125923275948
0.04138907417654991
0.21366460621356964
0.17715030908584595
0.49396583437919617
0.12492182850837708
-0.17277522385120392
-0.10423261672258377
0.0902792289853096
0.15767337381839752
0.0015718360664322972
-0.024393457919359207
0.10727275907993317
-0.010513784363865852
-0.0611284039914608
-0.2796342968940735
0.059386562556028366
0.05760974809527397
0.21466925740242004
0.05575990676879883
-0.17477720975875854
-0.0734701156616211
0.06736092269420624
0.012723770923912525
-0.13850761950016022
-0.027727071195840836
-0.007052184082567692
-0.014984233304858208
0.07057258486747742
0.12495838850736618
-0.2856411039829254
0.012609293684363365
-0.025284526869654655
0.03467433154582977
-0.20764374732971191
0.03243561461567879
0.189053475856781
0.1378888338804245
0.001401929184794426
-0.004259930923581123
0.7893092036247253
0.2840345799922943
-0.165937140583992
-0.03651132807135582
0.04884650185704231
0.19412879645824432
-0.4766668677330017
0.05798874795436859
0.11113099008798599
0.13078097999095917
0.04953150823712349
-0.0945337787270546
0.5230156183242798
0.2764832377433777
0.02317599207162857
0.04611315578222275
0.4982490837574005
0.11802810430526733
-0.0542207770049572
-0.04805365949869156
0.16668757796287537
0.21850940585136414
-0.08852865546941757
0.022901637479662895
0.01118556223809719
0.02282848209142685
-0.004977860953658819
0.13586999475955963
0.7848770618438721
0.07675550132989883
0.016513891518115997
0.022139187902212143
0.7108769416809082
0.3290848731994629
-0.14072982966899872
0.018516547977924347
0.3782736659049988
0.1502477526664734
0.3226800262928009
-0.28518539667129517
0.14973057806491852
0.2357458472251892
0.5158849358558655
-0.10689973831176758
-0.017657311633229256
0.029734065756201744
0.05319942161440849
-0.04168584197759628
0.01431798655539751
-0.04720521718263626
0.012590354308485985
0.03648493066430092
0.06285807490348816
-0.047038283199071884
-0.03766677901148796
-0.013421360403299332
0.05435597896575928
0.07420516759157181
-0.008491938933730125
0.06245572865009308
0.026207000017166138
0.03782404959201813
-0.0392979197204113
-0.0006331042968668044
-0.034615449607372284
-0.12842710316181183
-0.12142403423786163
-0.03373182192444801
0.029340403154492378
-0.05894467979669571
-0.0218487698584795
-0.05695190280675888
-0.029564058408141136
-0.01628844253718853
-0.07134733349084854
-0.01888129487633705
0.7730656266212463
0.20740187168121338
-0.09382043033838272
-0.04070073366165161
0.20235514640808105
0.10526296496391296
-0.14433640241622925
0.024468999356031418
0.23967516422271729
0.0639386847615242
0.10551699250936508
-0.3055545389652252
0.09305582195520401
-0.011200373992323875
0.272742360830307
0.8400725722312927
0.24644000828266144
-0.09401172399520874
-0.11225295811891556
0.023103510960936546
-0.039797987788915634
-0.07716187834739685
-0.062125638127326965
0.0468733012676239
0.015473085455596447
-0.05311863496899605
-0.5426451563835144
-0.013892093673348427
0.027051180601119995
0.16560043394565582
0.14644841849803925
0.3243299424648285
0.8589426875114441
0.29826027154922485
0.18023885786533356
-0.11275853216648102
0.6907957792282104
0.27369722723960876
0.019658198580145836
-0.16896329820156097
0.3580024540424347
0.11408132314682007
0.4449484050273895
-0.14495611190795898
0.22566518187522888
0.1587742418050766
-0.0633212998509407
0.049631163477897644
0.001498195924796164
-0.2111692726612091
-0.08301237970590591
-0.03340922296047211
0.005385448690503836
0.17007385194301605
0.16484948992729187
-0.014479804784059525
0.015001308172941208
-0.02755424566566944
0.03990883380174637
-0.3234804570674896
-0.03718499839305878
0.05413534864783287
0.6344245672225952
0.15008586645126343
0.21446280181407928
-0.1205497533082962
0.01694638654589653
0.14814990758895874
0.20865507423877716
0.05694350600242615
-0.20953522622585297
0.08060508221387863
0.2557995021343231
0.03346550837159157
-0.3334423005580902
0.09110293537378311
-0.058681536465883255
0.09596730768680573
0.034640103578567505
0.6256373524665833
0.02468683570623398
-0.0028163406532257795
0.00816299393773079
0.028482241556048393
0.36268553137779236
-0.1760314404964447
0.18444083631038666
0.05299823731184006
0.18063150346279144
-0.08460385352373123
0.01196607667952776
-0.038399770855903625
0.1863793581724167
-0.008839978836476803
0.3781956136226654
-0.08772691339254379
0.10412715375423431
0.02300269529223442
0.006666391156613827
0.02714923955500126
-0.03048163838684559
-0.11778853833675385
0.21293707191944122
0.014601381495594978
0.10251574218273163
0.09708388149738312
0.015065215528011322
-0.00987057201564312
0.0652080774307251
-0.006386846303939819
0.09835425764322281
-0.006243795156478882
0.37162715196609497
-0.17455069720745087
-0.1390983909368515
-0.008085273206233978
0.2940605878829956
-0.1314316987991333
-0.1421770602464676
-0.03471792861819267
0.23312661051750183
-0.11996001750230789
-0.6003719568252563
-0.34915876388549805
-0.02499653398990631
0.11012668162584305
-0.1834193766117096
0.30485236644744873
0.7013657093048096
0.012124585919082165
-0.12872463464736938
-0.16043420135974884
0.31308889389038086
0.02336638607084751
-0.2022521197795868
0.10737638175487518
0.3774104714393616
0.2141646444797516
-0.06338270753622055
-0.43498408794403076
0.05739612132310867
0.001448711846023798
0.2607329785823822
0.21804815530776978
0.022128235548734665
-0.07964800298213959
0.07902058213949203
0.07653649151325226
-0.002202362287789583
0.013340829871594906
0.005482860840857029
0.04891214519739151
-0.031221847981214523
0.08609231561422348
-0.0001230490015586838
0.06453419476747513
-0.010790384374558926
0.06249864771962166
0.026834595948457718
-0.07653331011533737
0.24551965296268463
0.19628623127937317
0.04727828502655029
0.022296810522675514
0.6206340789794922
0.2722195088863373
0.06885050982236862
0.1542177051305771
0.42484813928604126
0.17098639905452728
-0.08768966048955917
-0.0262339785695076
0.2672518193721771
0.08321122825145721
-0.3329707086086273
0.5269515514373779
-0.044714927673339844
-0.10982636362314224
0.04261980205774307
0.012400678358972073
0.014716115780174732
-0.030714143067598343
0.07854065299034119
-0.11878087371587753
0.016303611919283867
0.016456469893455505
0.0007278315024450421
-0.032636336982250214
-0.010245177894830704
-0.023493485525250435
0.11225949972867966
0.012836836278438568
-0.054794274270534515
0.020471585914492607
0.05096959322690964
0.07151605188846588
0.4011377692222595
-0.00013543604291044176
-0.06676239520311356
-0.004472573287785053
0.1034850925207138
0.17145031690597534
-0.27173396944999695
-0.05156773701310158
0.1281052976846695
0.02488446980714798
-0.08028940856456757
0.07051792740821838
0.5774879455566406
-0.26347532868385315
0.11536628007888794
-0.029491573572158813
0.2636651396751404
-0.13582837581634521
-0.038852181285619736
0.003842021804302931
0.12762081623077393
0.2320277839899063
0.026211930438876152
0.3058833181858063
-0.014018830843269825
-0.03660820797085762
-0.30800679326057434
0.2258443534374237
0.6470306515693665
-0.22077593207359314
-0.059511180967092514
-0.09882732480764389
0.18163973093032837
-0.16384179890155792
-0.01597936451435089
0.023406071588397026
-0.0013472222490236163
-0.003890481311827898
-0.049493782222270966
0.32519078254699707
0.05450206622481346
-0.03515131026506424
0.14491724967956543
0.8230811953544617
0.12167458236217499
-0.22111007571220398
-0.12147127091884613
-0.041401274502277374
0.06427645683288574
-0.04764607548713684
0.056001994758844376
0.08819927275180817
-0.023775124922394753
-0.004807702265679836
-0.011970720253884792
-0.21227484941482544
-0.040597815066576004
0.02898763306438923
0.10901933908462524
0.022614939138293266
0.5561622977256775
0.11963070929050446
-0.15893270075321198
-0.06440051645040512
0.07739786058664322
-8.624911424703896e-05
-0.08568628132343292
0.02327805943787098
0.2719622850418091
0.04882347211241722
0.09223408997058868
-0.30653271079063416
0.07366075366735458
0.0963154137134552
0.0031002757605165243
0.9029097557067871
0.7774734497070312
-0.053556784987449646
-0.18660975992679596
0.02988758124411106
0.31415602564811707
-0.009912744164466858
-0.10891657322645187
0.018535804003477097
0.2593078017234802
0.17686298489570618
-0.01938185654580593
-0.1748214215040207
-0.01689549721777439
0.06140495091676712
0.2139713019132614
0.8391828536987305
0.027464821934700012
-0.10994739830493927
0.0025586506817489862
-0.010652463883161545
-0.18655644357204437
-0.039945535361766815
-0.017093949019908905
0.013785497285425663
-0.12242981046438217
0.0997280701994896
-0.052983980625867844
0.09147008508443832
-0.0157400444149971
0.074795663356781
-0.23828549683094025
-0.02565404586493969
0.4428035616874695
0.0731622502207756
0.03271405026316643
-0.00999508984386921
0.8951765298843384
-0.11793415248394012
0.23309452831745148
-0.05249382555484772
0.2305295467376709
0.07252773642539978
-0.12744982540607452
-0.05329057574272156
-0.0047655366361141205
0.022314390167593956
0.046133145689964294
0.5638540983200073
0.255613774061203
0.31719550490379333
0.27472761273384094
-0.05006757378578186
0.6499234437942505
0.1032692939043045
0.00602674949914217
-0.064626045525074
-0.2980882525444031
0.012333419173955917
0.7009666562080383
-0.04351289942860603
0.1880725622177124
0.2205008864402771
0.1828395277261734
0.2590514123439789
0.27395355701446533
0.03818444535136223
0.019270220771431923
0.22625230252742767
-0.07014066725969315
0.03181253746151924
-0.051719196140766144
0.07524655759334564
-0.01514727994799614
-0.03672308847308159
0.027592424303293228
0.5278023481369019
0.02313956990838051
0.061158549040555954
0.08971720933914185
0.14360195398330688
-0.2523403763771057
-0.07325007766485214
0.08575133979320526
-0.018367953598499298
-0.22542569041252136
0.07191655784845352
-0.0749824270606041
0.04609391465783119
-0.001402874942868948
-0.0027460854034870863
-0.05484798923134804
0.011315864510834217
0.004533983767032623
0.07434513419866562
0.06846128404140472
0.07102403789758682
0.08064703643321991
0.08487957715988159
0.09468207508325577
-0.030795980244874954
0.20328383147716522
-0.1561426818370819
-0.03459051251411438
0.0695326179265976
-0.1988697201013565
-0.11360234767198563
-0.21553266048431396
0.0011922753183171153
0.09381411969661713
0.15870334208011627
-0.0634847953915596
-0.04720737785100937
0.29872772097587585
-0.25666069984436035
0.007072044536471367
-0.1140105277299881
0.047071829438209534
-0.16541939973831177
0.2886802554130554
-0.0042797415517270565
-0.21058115363121033
-0.029561666771769524
-0.039996542036533356
0.27207449078559875
0.04794032499194145
0.05158914998173714
0.37151920795440674
0.17579229176044464
0.35937047004699707
-0.14768536388874054
0.013039056211709976
-0.04658058285713196
-0.06665881723165512
-0.13906417787075043
-0.0524161234498024
-0.058795955032110214
0.029693515971302986
0.10641594231128693
0.040007468312978745
-0.07379771023988724
-0.002342168241739273
-0.058074306696653366
0.16591398417949677
-0.060201577842235565
-0.3338794708251953
-0.08074838668107986
0.07617953419685364
0.028754932805895805
-0.075839102268219
-0.15686185657978058
0.03621794283390045
0.07110301405191422
-0.04808644577860832
0.0323171466588974
-0.037821363657712936
0.06518019735813141
0.06684333831071854
0.14519304037094116
-0.14672932028770447
0.02241676300764084
0.11977385729551315
0.24805708229541779
-0.03879256546497345
0.020602192729711533
0.2572783827781677
0.08597211539745331
-0.04120112955570221
-0.06847137212753296
-0.14324739575386047
-0.03798065334558487
-0.14899638295173645
-0.06274804472923279
0.08908633142709732
0.07843354344367981
0.09385635703802109
0.030861591920256615
0.48157942295074463
0.22845694422721863
-0.0064477864652872086
-0.0406402051448822
0.4651022255420685
-0.026482772082090378
-0.06055650860071182
-0.011473008431494236
-0.0910617858171463
-0.06340576708316803
-0.1187896877527237
0.0215214341878891
0.006504394579678774
0.008196706883609295
-0.05398007482290268
0.30279237031936646
0.645811140537262
-0.12260303646326065
0.07665332406759262
0.046352311968803406
0.3634163737297058
0.0007959087379276752
-0.07310842722654343
0.012091170065104961
-0.15631268918514252
-0.12744638323783875
0.47703421115875244
-0.032553691416978836
0.15050576627254486
0.17585857212543488
0.6103699803352356
0.06780535727739334
-0.0005133032100275159
-0.02944362163543701
-0.012540538795292377
-0.08373694866895676
-0.009772499091923237
0.038076288998126984
-0.02156752347946167
-0.03144868090748787
0.008006216958165169
0.0762709304690361
-0.011854040436446667
0.058354128152132034
0.01553425844758749
-0.05026949942111969
-0.10956758260726929
0.07549984753131866
-0.04834615811705589
0.004337231162935495
-0.02360363118350506
-0.02015851065516472
-0.15898464620113373
-0.010699310339987278
0.004808294586837292
-0.025905460119247437
0.020871132612228394
-0.0015199498739093542
0.0643201470375061
0.027325313538312912
-0.03290029987692833
-0.06341525167226791
0.00953244511038065
-0.03730832040309906
0.4850037395954132
-0.03875192999839783
-0.06672842055559158
-0.026774737983942032
-0.1456858366727829
-0.14489562809467316
-0.03884212300181389
-0.03224680945277214
0.2043699473142624
0.04385199025273323
0.05307406559586525
-0.0757245421409607
0.026962677016854286
0.0594780407845974
0.3277161419391632
0.8713333010673523
0.08220834285020828
-0.19293253123760223
-0.05866033956408501
0.04397408291697502
-0.18783006072044373
-0.06987859308719635
-0.09867312014102936
0.014526315033435822
0.0225740447640419
-0.01871173270046711
-0.14938984811306
0.0033310120925307274
0.04974851757287979
0.2033420354127884
0.14041346311569214
0.28667131066322327
0.7558113932609558
0.08993411809206009
0.20005135238170624
-0.042000509798526764
0.4039982557296753
-0.049195293337106705
-0.10132110118865967
-0.11545341461896896
-0.0684710144996643
-0.036597393453121185
0.5013182759284973
0.03961522504687309
0.17436769604682922
0.28813445568084717
0.098321333527565
0.3137659728527069
-0.2675955295562744
-0.3889717757701874
-0.11227861046791077
-0.048509981483221054
-0.3599417209625244
0.050921376794576645
0.1894412487745285
-0.007379301358014345
-0.04766751080751419
0.051079973578453064
0.040338434278964996
0.0288118664175272
-0.0003385682648513466
0.0601961612701416
0.6217190623283386
0.06526022404432297
0.15717317163944244
-0.1412222981452942
-0.01694529317319393
0.005590164102613926
-0.18421831727027893
-0.1984633058309555
-0.12654294073581696
-0.031845640391111374
0.06605663150548935
0.016332073137164116
-0.1958419233560562
0.3066524565219879
0.014972059056162834
0.14274562895298004
-0.10609765350818634
0.44502466917037964
0.030307980254292488
0.022548062726855278
-0.011215047910809517
-0.05530901253223419
0.10372920334339142
-0.17552787065505981
0.2728736400604248
-0.06678178906440735
0.07032927125692368
-0.046946931630373
0.03846512362360954
-0.07144463807344437
0.0909077450633049
0.026855329051613808
0.4872734844684601
0.0367368645966053
0.06486454606056213
-0.005193166900426149
-0.08872240036725998
0.020543072372674942
-0.020415320992469788
-0.10408926010131836
0.17230980098247528
0.02857646346092224
-0.03927280381321907
0.03756801038980484
0.008300901390612125
0.034813929349184036
0.056678395718336105
0.005698933266103268
0.24115775525569916
-0.02366301231086254
0.03377709165215492
-0.3937753140926361
-0.06401945650577545
-0.013446679338812828
0.019888097420334816
-0.1948079764842987
-0.11237237602472305
-0.04600419104099274
-0.17778880894184113
-0.1209067851305008
-0.469139963388443
-0.1434800922870636
-0.007709638215601444
0.14317680895328522
-0.13864701986312866
0.06957994401454926
0.6933024525642395
-0.1696605086326599
0.00510241836309433
-0.05418550223112106
-0.04626060649752617
-0.2505537271499634
-0.17437201738357544
0.010854247026145458
-0.07676870375871658
0.09250596165657043
-0.09102555364370346
-0.21437209844589233
0.17014099657535553
0.05592804402112961
0.27646705508232117
0.41498252749443054
-0.07397418469190598
0.015245957300066948
-0.056790776550769806
0.015507303178310394
0.0003824105369858444
0.017547177150845528
-0.026045871898531914
-0.02387528494000435
-0.062084175646305084
0.04566267505288124
-0.07728780061006546
-0.04814545065164566
-0.011691340245306492
-0.02812853455543518
0.00714093865826726
-0.03543781489133835
0.3057190775871277
0.15601445734500885
0.002764251548796892
-0.08023552596569061
0.42792022228240967
0.17848989367485046
0.16871528327465057
0.2268359214067459
-0.0332484133541584
0.0017273270059376955
-0.057528089731931686
-0.08013709634542465
0.2773694097995758
0.057155076414346695
-0.13782575726509094
0.6868119239807129
-0.03554510697722435
0.0036755921319127083
-0.033383507281541824
-0.03271293267607689
-0.07384170591831207
0.01239015907049179
-0.024002935737371445
-0.033982157707214355
-0.06335257738828659
-0.05574845150113106
0.03607805818319321
0.007611664943397045
-0.060465358197689056
-0.04321594908833504
0.06539234519004822
-0.009811695665121078
-0.116991326212883
-0.02549711987376213
0.08730204403400421
0.0029238720890134573
0.12308236211538315
0.010133659467101097
0.0032121320255100727
0.08640008419752121
-0.03655123710632324
0.049318693578243256
-0.050470367074012756
-0.029276970773935318
0.09529181569814682
0.1480666846036911
-0.16207607090473175
0.16038194298744202
0.3524797856807709
-0.34410643577575684
-0.024027718231081963
0.05055753141641617
0.08962184190750122
-0.13062970340251923
-0.06039677932858467
-0.03546819090843201
0.015721503645181656
0.12956616282463074
0.0016627300065010786
0.4111180603504181
0.034671586006879807
-0.011032446287572384
-0.17784233391284943
0.15589317679405212
0.5348643660545349
-0.41466692090034485
0.026411505416035652
-0.16888536512851715
0.033832065761089325
-0.0680859163403511
-0.02609989233314991
0.019414259120821953
0.015016062185168266
0.059394918382167816
0.030604364350438118
0.2697758674621582
0.05683359131217003
0.039305251091718674
0.16797205805778503
0.6883290410041809
-0.05713524669408798
-0.30446743965148926
-0.09486319124698639
-0.024221481755375862
-0.11663810908794403
-0.05081725865602493
-0.012377157807350159
-0.012586355209350586
-0.020853176712989807
0.03205561637878418
-0.030498988926410675
-0.005453543737530708
0.007542807143181562
-0.023772239685058594
0.04191945493221283
0.07714396715164185
0.2627796530723572
-0.09981605410575867
-0.039678312838077545
-0.07174652069807053
-0.23368634283542633
-0.08774807304143906
-0.10338374227285385
0.006810974329710007
0.012499204836785793
0.0943523645401001
0.08000023663043976
-0.1429601013660431
-0.01593424379825592
0.09420040994882584
0.06824824213981628
0.8330042362213135
0.5364698767662048
-0.14418305456638336
-0.0889490619301796
0.0024305139668285847
-0.052912939339876175
-0.19455799460411072
-0.09622779488563538
0.013937599956989288
0.32141175866127014
0.08711960911750793
0.0008928657625801861
-0.023583073168992996
-0.00855217594653368
0.001765709137544036
0.13895688951015472
0.7603528499603271
-0.08272895961999893
-0.03963310644030571
-0.022825317457318306
-0.07864990830421448
-0.16024643182754517
0.020766638219356537
0.21430957317352295
-0.04071326181292534
-0.09386596828699112
0.028194114565849304
0.17880789935588837
-0.04742995649576187
-0.01665583625435829
0.21884945034980774
-0.07665960490703583
0.021795867010951042
0.45018109679222107
0.014134937897324562
0.07560338079929352
-0.07475215941667557
0.8322797417640686
-0.3338031768798828
0.04144737496972084
-0.10157666355371475
0.026505328714847565
-0.005315037909895182
-0.10525805503129959
-0.015242589637637138
0.12801432609558105
0.033551283180713654
-0.04506981000304222
0.6942113637924194
0.19064423441886902
0.30784332752227783
0.13373616337776184
0.06507454067468643
0.7943164706230164
0.2747091054916382
0.0050522941164672375
-0.11501821130514145
0.03438173234462738
0.21192708611488342
0.42389971017837524
0.043972842395305634
0.14084528386592865
0.21322034299373627
0.10003669559955597
0.05266197398304939
0.43344545364379883
0.30936893820762634
-0.13517796993255615
0.20688895881175995
0.056614216417074203
0.2924116551876068
-0.1036701574921608
0.044702719897031784
0.12098135054111481
-0.03479254990816116
0.006089485250413418
0.3702041208744049
0.04407059773802757
-0.004697044845670462
-0.019717352464795113
0.19280953705310822
-0.21521428227424622
-0.17014823853969574
0.02254755236208439
-0.03831230849027634
-0.023505225777626038
0.11843996495008469
0.0942458063364029
0.003604501485824585
-0.07071571797132492
0.12380575388669968
-0.1823378950357437
-0.07658731937408447
0.01625818945467472
0.16202563047409058
0.0713692307472229
0.022014230489730835
0.5737093687057495
0.028311314061284065
0.08665354549884796
-0.03854437544941902
0.3348805904388428
-0.04082437977194786
0.04815148562192917
-0.034923188388347626
-0.13200657069683075
0.03405215963721275
-0.472237229347229
-0.014525296166539192
0.06920275837182999
0.15736515820026398
-0.2594197690486908
-0.11939588934183121
0.41900619864463806
-0.2044278383255005
-0.00525442510843277
-0.02158537693321705
0.4297472834587097
-0.13315163552761078
0.14535756409168243
0.06472398340702057
-0.024194231256842613
-0.08566803485155106
-0.016241710633039474
0.09861192107200623
0.05080259218811989
-0.08903191983699799
0.12802214920520782
0.20289377868175507
0.41904670000076294
0.09501156955957413
-0.18687249720096588
-0.1549655795097351
0.13645778596401215
0.08667482435703278
-0.09125173091888428
-0.0038511829916387796
0.07817194610834122
0.016771113499999046
0.018663672730326653
-0.18691948056221008
-0.01341554056853056
-0.011358490213751793
0.042063113301992416
-0.013734119012951851
-0.10720177739858627
-0.07424932718276978
0.05118842422962189
-0.05642148479819298
-0.12181291729211807
-0.11868583410978317
-0.0112040089443326
-0.06518683582544327
-0.08261676132678986
0.09412562102079391
-0.14254605770111084
0.008776203729212284
0.05021784454584122
0.16588260233402252
-0.28965646028518677
-0.10355819761753082
0.19442929327487946
0.18521228432655334
0.021990947425365448
0.0027410706970840693
0.5934349894523621
0.33377259969711304
-0.1289043426513672
-0.10371311008930206
0.0937628373503685
0.2580002546310425
-0.3751384913921356
0.036768242716789246
0.11125185340642929
0.044036392122507095
0.05459032952785492
-0.2701443135738373
0.47213587164878845
0.27211451530456543
0.002176943700760603
-0.07280224561691284
0.5437102913856506
0.14462096989154816
-0.05583356320858002
-0.036255452781915665
0.21475601196289062
0.21816691756248474
-0.03941535949707031
-0.004230035934597254
0.11059258878231049
-0.005718373227864504
-0.009225578047335148
0.04044332727789879
0.8708562254905701
-0.0009131595143117011
0.04040051996707916
-0.013292246498167515
0.5296497941017151
0.27819451689720154
-0.14076310396194458
-0.0393095463514328
0.2832108736038208
0.1304006725549698
0.27878624200820923
-0.3564121723175049
0.14147722721099854
0.022609850391745567
0.40809687972068787
-0.19301708042621613
0.009084250777959824
-0.024710677564144135
-0.039094243198633194
-0.010019426234066486
0.044467709958553314
-0.02593403309583664
-0.009036608971655369
-0.0900430828332901
0.009577004238963127
0.023900555446743965
-0.026304613798856735
-0.06326679140329361
-0.03305349498987198
0.014007054269313812
0.059345096349716187
0.012100654654204845
-0.036276400089263916
-0.01850614696741104
0.10987144708633423
0.007373597472906113
-0.07077395915985107
-0.031133893877267838
-0.011437376029789448
-0.011591022834181786
-0.08351608365774155
0.0008678254671394825
-0.06390505284070969
-0.03545476123690605
0.02878580428659916
-0.05508438125252724
-0.12316730618476868
-0.0415794737637043
0.723074197769165
0.1314280927181244
-0.09674299508333206
-0.11067318171262741
0.18279749155044556
0.19773505628108978
-0.18493537604808807
-0.024714410305023193
0.28946101665496826
0.004022524226456881
0.024857744574546814
-0.27848222851753235
0.019726775586605072
-0.026153504848480225
0.20342621207237244
0.8932086229324341
0.15895132720470428
-0.1138044148683548
-0.10105901211500168
0.030836259946227074
0.0495171956717968
-0.07739479839801788
-0.03437507152557373
-0.0075208935886621475
-0.03639451786875725
-0.06941018253564835
-0.28704115748405457
-0.010205699130892754
-0.020019520074129105
0.05745982751250267
0.08125527203083038
0.36356663703918457
0.8643892407417297
0.1862717866897583
0.03610234335064888
-0.15615901350975037
0.7064273357391357
0.2705632746219635
-0.04249382019042969
-0.12801530957221985
0.3049580454826355
0.13983891904354095
0.44770726561546326
-0.2982824444770813
0.14428433775901794
0.10681313276290894
-0.21952028572559357
0.11313635855913162
-0.12048343569040298
-0.2519782483577728
-0.05942237749695778
-0.05616416782140732
-0.10587770491838455
0.0940558910369873
0.09040550887584686
0.006254860665649176
-0.07851498574018478
0.0035438714548945427
0.03418887406587601
-0.2472982406616211
-0.05940839648246765
0.05978759005665779
0.5719805359840393
0.10633259266614914
0.17039994895458221
-0.12039481848478317
-0.03734450787305832
0.04471221938729286
0.17710450291633606
0.05100420489907265
-0.20979489386081696
0.03781929984688759
0.0902457907795906
-0.05030074715614319
-0.21220798790454865
0.16948089003562927
0.08431099355220795
0.04676440730690956
-0.1818757951259613
0.7012923955917358
0.054364074021577835
0.014079533517360687
0.024346590042114258
0.056640878319740295
0.25077974796295166
-0.26484179496765137
0.1150135025382042
-0.030941862612962723
0.1724034696817398
-0.1339823454618454
0.05746368318796158
-0.052871860563755035
0.2037595957517624
0.010951765812933445
0.35153788328170776
0.035693999379873276
0.15593522787094116
0.023653801530599594
0.052559252828359604
0.04032277315855026
-0.020078381523489952
-0.03987996652722359
0.15833093225955963
-0.033347081393003464
0.0976882353425026
0.09855039417743683
-0.028886830434203148
0.02923424355685711
0.07102105766534805
0.06395486742258072
-0.018911106511950493
-0.06796962767839432
0.35344448685646057
-0.24367481470108032
-0.11571524292230606
-0.009158243425190449
0.2658381760120392
-0.17202265560626984
-0.13042204082012177
-0.01485170517116785
0.06868385523557663
-0.1777517944574356
-0.47687941789627075
-0.29096344113349915
-0.0670853927731514
0.09283449500799179
-0.1483830362558365
0.21672843396663666
0.7336136102676392
0.031016899272799492
-0.0798366367816925
-0.09043063223361969
0.4073689877986908
-0.016463520005345345
-0.21931293606758118
0.08905325084924698
0.3119969367980957
0.2603931128978729
-0.02407020330429077
-0.37433159351348877
0.04329976439476013
0.17265701293945312
0.12128214538097382
0.22011511027812958
0.01513033639639616
-0.05759655311703682
0.015360848978161812
-0.002086490159854293
-0.010888420045375824
0.09030042588710785
-0.05568036437034607
0.11958622187376022
0.09304749965667725
-0.017580542713403702
0.04411790147423744
-0.0019215578213334084
-0.007792340591549873
-0.0439566895365715
-0.05892287939786911
0.027881266549229622
0.2992458939552307
0.20017120242118835
0.013493280857801437
0.006326557137072086
0.5024697184562683
0.30044034123420715
0.13904429972171783
0.08278557658195496
0.31712302565574646
0.07257603108882904
-0.049010761082172394
0.05978313833475113
0.29166948795318604
0.12327975034713745
-0.24045921862125397
0.4241887927055359
0.010604866780340672
-0.030546830967068672
-0.05423542112112045
-0.10627315938472748
-0.05576733127236366
0.0019095459720119834
-0.01425367034971714
0.05613289400935173
-0.020453382283449173
-0.020288463681936264
-0.01698678731918335
-0.000124061742099002
-0.09738114476203918
0.032768264412879944
0.06679406017065048
0.07335598766803741
-0.06282101571559906
0.011543340981006622
-0.05222088843584061
-0.015220542438328266
0.3970603048801422
0.21535664796829224
-0.1466735154390335
-0.004663041327148676
0.04626340791583061
0.17198140919208527
-0.1910277009010315
-0.07320165634155273
0.08814351260662079
0.0527372881770134
-0.10306847095489502
-0.0031959665939211845
0.3671259582042694
-0.33706754446029663
0.034747082740068436
-0.08630537241697311
0.2560121715068817
-0.17203475534915924
-0.0420287661254406
0.058464810252189636
0.07153846323490143
0.2703031301498413
0.013657255098223686
0.3440186381340027
0.03810237720608711
0.048478178679943085
-0.3691427707672119
0.19490717351436615
0.7015833258628845
-0.23769725859165192
-0.1062641516327858
0.019104205071926117
0.274680495262146
-0.043542563915252686
-0.05022405833005905
0.09095516800880432
0.02027701586484909
0.013819891028106213
-0.04650452733039856
0.21131837368011475
0.009258312173187733
-0.05309154465794563
0.025439411401748657
0.741211473941803
0.19315586984157562
-0.2515867054462433
-0.15342046320438385
0.021041736006736755
-0.00835101306438446
0.12189552187919617
0.05794316530227661
0.02739630453288555
0.046657197177410126
-0.049633413553237915
0.03705446794629097
-0.24205057322978973
0.1028730496764183
0.0074962107464671135
-0.020291464403271675
-0.06474731862545013
0.3939417004585266
0.09702572226524353
-0.14138367772102356
-0.10065580159425735
0.06505138427019119
0.21192961931228638
-0.15308870375156403
0.012401913292706013
0.3691498041152954
-0.009036506526172161
0.050260528922080994
-0.3392752707004547
-0.04224904999136925
0.01746746152639389
-0.1581912785768509
0.9260821342468262
0.6827135682106018
-0.09594283998012543
-0.14643362164497375
-0.03763134777545929
0.3201110363006592
-0.05762103945016861
-0.19580793380737305
0.08217912912368774
0.22340066730976105
-5.878829688299447e-05
-0.036044418811798096
-0.17621725797653198
-0.027708908542990685
0.0732855498790741
0.15227971971035004
0.8271067142486572
0.06909194588661194
-0.07829885929822922
0.0684652253985405
0.03191282972693443
-0.17435824871063232
-0.09615235030651093
0.035499896854162216
0.015117798931896687
-0.089569091796875
0.035279277712106705
-0.04447174817323685
-0.07752330601215363
0.01031031645834446
0.013201823458075523
-0.28650638461112976
-0.0607156865298748
0.3634553551673889
0.0070818220265209675
-0.018588902428746223
0.03198021277785301
0.9642680883407593
-0.17258594930171967
0.09632544219493866
-0.07432513684034348
0.406575471162796
-0.05360351875424385
-0.187357097864151
0.006507572717964649
0.09535594284534454
0.05613725632429123
-0.002629934111610055
0.5574007630348206
0.38312751054763794
0.33580097556114197
0.2721751630306244
-0.0008732135174795985
0.7411593198776245
0.1979178488254547
-0.059377528727054596
-0.14947599172592163
0.08999329060316086
0.143241286277771
0.5806993842124939
-0.05397344380617142
0.144941508769989
0.14396394789218903
0.11749085038900375
-0.07006536424160004
0.4743945896625519
0.2955751121044159
-0.08847177028656006
0.20365963876247406
0.06429874897003174
0.08907998353242874
-0.014475176110863686
-0.04299067333340645
0.12396178394556046
-0.013057732954621315
0.029231080785393715
0.35676416754722595
-0.04747031256556511
0.0018606859957799315
-0.04257085174322128
0.03004089556634426
-0.1713191568851471
-0.12319283932447433
0.0632530152797699
0.02626350335776806
-0.16459910571575165
0.03267243504524231
0.027799265459179878
0.02517857775092125
-0.006960240192711353
0.03652563691139221
-0.1177143082022667
0.06580173224210739
-0.016538649797439575
0.1403461992740631
0.09892319142818451
0.12929289042949677
0.5279274582862854
0.05534649267792702
0.038043148815631866
0.007955086417496204
0.44965124130249023
-0.012967698276042938
-0.04816233366727829
0.056928396224975586
-0.07438529282808304
-0.05172613635659218
-0.5190042853355408
0.0705317035317421
0.10128049552440643
0.09473753720521927
-0.2938074469566345
-0.11081407964229584
0.5214719176292419
-0.026296552270650864
0.0662946105003357
0.0072111026383936405
0.4472670257091522
-0.15829990804195404
0.24589909613132477
0.012268179096281528
-0.047838713973760605
-0.09334031492471695
-0.05550236999988556
0.06548970192670822
0.10035870224237442
0.019900284707546234
0.2060304880142212
0.11717613786458969
0.4792840778827667
0.2032945603132248
-0.13811466097831726
-0.04827313870191574
0.15299010276794434
0.023673493415117264
-0.07340926676988602
-0.004934610798954964
0.007787738461047411
0.02916807495057583
0.05172761529684067
-0.21379397809505463
-0.026038749143481255
0.05104919523000717
0.10773855447769165
-0.20303310453891754
-0.13908424973487854
-0.172499880194664
0.00586938951164484
0.0597551092505455
-0.04109708219766617
-0.24628300964832306
-0.03078686073422432
0.11404181271791458
-0.13728594779968262
0.027712754905223846
-0.16792833805084229
0.01061826292425394
-0.04733583703637123
0.06504607945680618
-0.4485616385936737
0.0654604434967041
0.26923152804374695
0.11347699910402298
0.011087976396083832
0.05038456618785858
0.7360482811927795
0.3231484889984131
-0.2510865330696106
-0.012630688957870007
0.09362434595823288
0.10473960638046265
-0.4152197539806366
-0.04736126586794853
0.16850338876247406
0.14159366488456726
0.0197922270745039
-0.3463808596134186
0.43017759919166565
0.18407821655273438
-0.01677868701517582
-0.001983789261430502
0.49893584847450256
0.21864742040634155
-0.170116126537323
0.07810353487730026
0.11025158315896988
0.09422807395458221
-0.14682254195213318
0.059227075427770615
0.15526427328586578
-0.028193820267915726
-0.01835886389017105
0.11836209893226624
0.8314003944396973
0.14149628579616547
0.11345935612916946
0.004266336560249329
0.733360767364502
0.2402874231338501
-0.29507359862327576
0.05896760895848274
0.3748325705528259
0.06966907531023026
0.40383443236351013
-0.36929383873939514
0.23957423865795135
0.07639844715595245
0.44458699226379395
-0.1555338352918625
-0.0638127475976944
-0.10309524834156036
-0.040068186819553375
-0.02779376320540905
0.08929572254419327
-0.09024260938167572
-0.07108962535858154
0.020421814173460007
-0.003308145562186837
0.025125376880168915
-0.003934995271265507
0.07093650102615356
0.03321952372789383
0.031907740980386734
-0.07665989547967911
-0.020764175802469254
-0.05637826770544052
-0.08089299499988556
-0.016210118308663368
0.022779058665037155
0.029895545914769173
-0.05783602222800255
-0.10890769213438034
0.05093390867114067
0.03800671547651291
0.006621995475143194
0.005659264046698809
0.018669206649065018
-0.03744625300168991
0.05707443505525589
-0.04988176375627518
0.003161438275128603
0.8032291531562805
0.24716220796108246
-0.1773769110441208
-0.05928405374288559
0.23964352905750275
0.10205595195293427
-0.07732262462377548
0.061237629503011703
0.2596328556537628
-0.02109568379819393
0.0374591164290905
-0.3518742024898529
-0.07534246146678925
0.08237293362617493
0.28352048993110657
0.8547104597091675
0.2020566761493683
-0.12442642450332642
-0.06692342460155487
0.009498578496277332
-0.13092778623104095
-0.17098581790924072
-0.01523699052631855
0.014083756133913994
-0.012328948825597763
-0.03352370113134384
-0.37141263484954834
-0.06296660006046295
0.05744892358779907
0.08351172506809235
0.030614009127020836
0.388343870639801
0.8803593516349792
0.3868391215801239
0.28914815187454224
-0.05853556841611862
0.8140534162521362
0.31754279136657715
-0.1429244726896286
-0.09477990865707397
0.3516000211238861
0.0884513184428215
0.3063516914844513
-0.15444187819957733
0.24556370079517365
0.10695061087608337
-0.3570626378059387
0.05290786176919937
-0.09157954901456833
-0.10936012864112854
-0.09710882604122162
0.002617242746055126
-0.020383302122354507
0.12969306111335754
0.14992080628871918
-0.014719894155859947
-0.06804367154836655
-0.025128699839115143
0.03893781453371048
-0.30161386728286743
0.0469571053981781
-0.02553616464138031
0.5172816514968872
0.049184639006853104
0.18367937207221985
-0.0665368139743805
-0.12799036502838135
0.1714460700750351
0.12553425133228302
0.02287975698709488
-0.1587671935558319
0.08043025434017181
0.18103891611099243
0.04460786655545235
-0.22224074602127075
0.2534925043582916
-0.0373147651553154
0.041031528264284134
-0.30775728821754456
0.5804335474967957
0.11506274342536926
0.0066045308485627174
0.0811089351773262
0.051889993250370026
0.27877452969551086
-0.09931827336549759
0.21484754979610443
0.049384355545043945
0.1371789127588272
-0.0885886698961258
0.008495770394802094
-0.07872933894395828
0.13892075419425964
0.02085973136126995
0.44464460015296936
0.013924512080848217
0.10001061856746674
-0.08433149009943008
-0.032526884227991104
-0.014408539049327374
-0.05314362794160843
-0.11465062201023102
0.2827354371547699
0.010856490582227707
0.13229548931121826
0.05018218234181404
0.0003827479958999902
-0.003615815658122301
0.0500132255256176
0.05999919772148132
0.015719180926680565
-0.03723079711198807
0.36962467432022095
-0.19162681698799133
-0.08153299987316132
0.024426421150565147
0.231846883893013
-0.13981109857559204
-0.06218962371349335
0.0020971891935914755
0.16999420523643494
-0.093352772295475
-0.49704593420028687
-0.26086634397506714
0.08391385525465012
0.10041022300720215
-0.25894662737846375
0.21074363589286804
0.7130101323127747
0.09337548166513443
-0.034853070974349976
-0.08201305568218231
0.4148477613925934
0.09269602596759796
-0.18923085927963257
0.04757005721330643
0.3890737295150757
0.2818452715873718
-0.06343008577823639
-0.5572941303253174
0.028234608471393585
0.004639079794287682
0.23665575683116913
0.21413028240203857
0.028407612815499306
-0.040523577481508255
-0.03357540816068649
0.025602806359529495
0.04381667822599411
0.04961852356791496
0.003576446557417512
-0.05149892717599869
0.011494597420096397
-0.12013626843690872
0.04040607810020447
0.037601422518491745
0.01432492770254612
0.01641238108277321
0.08900491148233414
-0.012283816933631897
0.2795383632183075
0.16496288776397705
-0.0006708879955112934
0.057749804109334946
0.549700915813446
0.2992236018180847
0.14179550111293793
0.2072933316230774
0.4370070993900299
0.04682862013578415
-0.12384763360023499
2.995438080688473e-05
0.15100549161434174
0.10398566722869873
-0.31471922993659973
0.4940347373485565
0.02220994234085083
0.00285896728746593
-0.03456391394138336
-0.09635846316814423
-0.07560615986585617
0.02051820047199726
-0.05574823170900345
-0.04089605063199997
0.02106369659304619
0.04079984128475189
0.05422590672969818
0.024396296590566635
-0.020604658871889114
0.04990437999367714
0.0015983133343979716
-0.005006671883165836
-0.0978693962097168
-0.1295909881591797
-0.0171249657869339
0.052008576691150665
0.33834099769592285
0.10395844280719757
-0.07753188163042068
0.0035638241097331047
0.1429213285446167
0.15862533450126648
-0.17724964022636414
0.040030594915151596
0.17150937020778656
0.09974617511034012
-0.12682291865348816
0.05595758557319641
0.4896318018436432
-0.001160485204309225
0.11468717455863953
0.0073448303155601025
0.3886069655418396
-0.09785608947277069
-0.028708284720778465
-0.08280626684427261
0.030599340796470642
0.24393285810947418
-0.005031511653214693
0.3052712380886078
-0.14603956043720245
0.16928710043430328
-0.29172563552856445
0.1666547656059265
0.6944354772567749
-0.024468250572681427
-0.07986630499362946
-0.048405829817056656
0.2092810720205307
-0.1360367089509964
-0.08241833001375198
-0.04065714031457901
-0.054895415902137756
-0.039664655923843384
-0.0196023341268301
0.23503363132476807
0.03624610975384712
0.0036593882832676172
0.13147525489330292
0.7194724082946777
0.08402478694915771
-0.18044055998325348
-0.13551998138427734
-0.0002663936757016927
-0.048857033252716064
0.005241237115114927
0.03637713938951492
0.005298099480569363
-0.0011047223815694451
-0.056707318872213364
-0.05376794561743736
-0.14401616156101227
-0.12139558792114258
0.024357382208108902
-0.044576384127140045
-0.0051727923564612865
0.541737973690033
0.1573713719844818
-0.1490357369184494
-0.07375679910182953
0.05463359132409096
0.0957210436463356
-0.149370014667511
0.01091473177075386
0.29448655247688293
0.03891438990831375
0.053512975573539734
-0.34385260939598083
0.06041835993528366
0.07246503233909607
-0.07371724396944046
0.8630983233451843
0.6730884313583374
0.02646511048078537
-0.14878620207309723
0.1313701719045639
0.32211652398109436
-0.06016070395708084
-0.10752203315496445
-0.011077347211539745
0.27189403772354126
0.06932180374860764
0.08647891879081726
-0.2018110752105713
-0.012508366256952286
0.020847927778959274
0.19457580149173737
0.8994238376617432
0.07559176534414291
-0.062203966081142426
-0.0759013369679451
-0.050694435834884644
-0.06083162873983383
-0.01600825972855091
0.0009130318067036569
-0.010194502770900726
-0.11038090288639069
0.004057716112583876
-0.03999379277229309
-0.007180480752140284
-0.08095645904541016
0.11839962750673294
-0.35982173681259155
-0.016562126576900482
0.4385209381580353
0.07449796050786972
-0.025133496150374413
0.08192717283964157
0.8556585311889648
0.07455769181251526
0.17920301854610443
0.04605947434902191
0.3380887508392334
-0.09003941714763641
-0.07362006604671478
-0.015573582611978054
0.04849676787853241
0.008460496552288532
0.014658626168966293
0.6258057355880737
0.41856926679611206
0.41832128167152405
0.17922888696193695
-0.06732742488384247
0.7734176516532898
0.3035297691822052
0.17137928307056427
-0.06150311976671219
0.13256072998046875
0.30306389927864075
0.35227835178375244
0.06474535167217255
0.120454341173172
0.18915660679340363
0.13229690492153168
-0.01545010507106781
0.38001471757888794
0.2442898452281952
-0.031231235712766647
0.24542631208896637
0.1346094310283661
0.22399109601974487
0.038931578397750854
0.0565350316464901
0.042712222784757614
-0.04569438844919205
-0.04515434801578522
0.28841274976730347
-0.05782215669751167
0.008394896984100342
0.10473234206438065
0.0883617103099823
-0.06096670776605606
0.17095433175563812
0.11692921817302704
0.030721092596650124
0.07520541548728943
0.04666096717119217
-0.011479044333100319
0.05451352149248123
-0.07198527455329895
0.061172936111688614
-0.11069245636463165
-0.001005755621008575
-0.014446614310145378
0.13343191146850586
0.08276630192995071
0.1263103038072586
0.41352415084838867
0.06526007503271103
0.08006918430328369
0.036380376666784286
0.136729434132576
0.028690097853541374
0.2431534379720688
0.1462179720401764
-0.0026131237391382456
0.09797356277704239
-0.31123656034469604
0.03996346890926361
0.17191524803638458
0.08403876423835754
-0.29878222942352295
-0.17260001599788666
0.42624640464782715
0.024016279727220535
0.2955896556377411
-0.10276073217391968
0.44467222690582275
-0.08398329466581345
0.2877092957496643
0.011069475673139095
-0.02954254299402237
-0.025759337469935417
-0.02476397715508938
0.09625860303640366
0.060217443853616714
0.1222311332821846
0.28727102279663086
0.19054070115089417
0.4404467046260834
0.15153811872005463
0.0008634501718915999
0.015473012812435627
0.17155452072620392
0.14752495288848877
-0.11268682777881622
-0.034525517374277115
-0.034109655767679214
0.1007378101348877
0.0046410271897912025
-0.3414832651615143
-0.03643428906798363
0.00784385111182928
0.20869825780391693
0.04666644334793091
-0.09714919328689575
0.06935667246580124
0.009501563385128975
-0.0005852296599186957
-0.010209123603999615
0.03678472712635994
-0.036381129175424576
-0.10585922747850418
-0.04204105585813522
-0.01942191645503044
-0.15321363508701324
-0.009874836541712284
0.0028960283380001783
0.11886680126190186
-0.3013809621334076
-0.025432482361793518
0.16818875074386597
0.32200130820274353
0.051742494106292725
-0.0065703499130904675
0.6209564805030823
0.3223904073238373
0.04368731752038002
-0.034929633140563965
0.1670546680688858
0.23567382991313934
-0.37560561299324036
-0.06845779716968536
0.18360812962055206
0.09727241843938828
0.038519587367773056
-0.3277588486671448
0.4441400170326233
0.10961607843637466
0.09171178191900253
0.032318584620952606
0.516067624092102
0.21228443086147308
0.06634122878313065
-0.005453753750771284
0.3044780492782593
0.23362049460411072
0.02013269066810608
-0.04231240227818489
0.07898597419261932
0.008215641602873802
-0.02280181646347046
0.007837414741516113
0.7770640850067139
0.22407761216163635
0.3144204020500183
-0.026215828955173492
0.6563762426376343
0.3152676522731781
0.10667894780635834
0.026545513421297073
0.3796513080596924
0.13076286017894745
0.21985621750354767
-0.402981698513031
0.23846888542175293
0.1689525693655014
0.5484827160835266
-0.14918731153011322
-0.03380381688475609
-0.049605634063482285
0.08930457383394241
0.043733660131692886
-0.05370360240340233
-0.055021077394485474
0.009064908139407635
0.011964340694248676
0.03449235484004021
0.12597446143627167
-0.018686769530177116
0.040513984858989716
-0.06964132934808731
0.021771159023046494
-0.0005267358501441777
-0.05093125253915787
0.024401849135756493
0.04767182469367981
0.039518941193819046
-0.04564140737056732
0.05061671882867813
0.07234661281108856
-0.06587044149637222
-0.106987863779068
-0.00568432779982686
-0.010335222817957401
-0.00649113766849041
-0.03952595591545105
-0.03544777259230614
0.02588794007897377
0.028896834701299667
-0.05345718562602997
0.8216211199760437
0.19593748450279236
0.18407012522220612
0.11727176606655121
0.26259711384773254
0.21202418208122253
-0.17940278351306915
0.08126651495695114
0.297168105840683
0.007887554354965687
0.007858560420572758
-0.4265063405036926
0.0650826096534729
-0.03923887014389038
0.21263936161994934
0.9102218747138977
0.3135557174682617
-0.10786061733961105
0.08491281419992447
-0.016083069145679474
0.014158145524561405
-0.04904145374894142
-0.045999933034181595
-0.05295109376311302
-0.0051949587650597095
-0.022126156836748123
-0.44515395164489746
-0.020677099004387856
-0.0799790769815445
0.15893615782260895
0.11831894516944885
0.40429773926734924
0.8159748315811157
0.4733929932117462
0.4993469715118408
-0.027088453993201256
0.6083377003669739
0.33622655272483826
0.21434393525123596
-0.047182660549879074
0.45733439922332764
0.23250116407871246
0.21958179771900177
-0.22589658200740814
0.16736668348312378
0.16809062659740448
-0.21170951426029205
0.20484638214111328
-0.08572879433631897
-0.08871164172887802
-0.08350300043821335
0.0934034213423729
0.10777708888053894
0.29777348041534424
0.2603306174278259
0.02456650696694851
-0.017986902967095375
0.029921092092990875
0.041025448590517044
-0.27218711376190186
0.009311698377132416
0.10767485201358795
0.6492776274681091
0.022289887070655823
0.24015818536281586
0.030944325029850006
0.12715665996074677
0.3112088143825531
0.34040868282318115
0.04029107093811035
0.017518579959869385
0.008362661115825176
0.10871598869562149
0.05314367264509201
-0.26248976588249207
0.08465199172496796
-0.015675721690058708
0.13225683569908142
-0.07398651540279388
0.6352159976959229
-0.13710395991802216
-0.029397334903478622
-0.006165134254842997
-0.01748007908463478
0.09622305631637573
-0.06627720594406128
0.20910930633544922
0.03347264975309372
0.18993085622787476
-0.034850943833589554
0.0021950691007077694
0.0010711236391216516
0.0890934094786644
-0.002013782039284706
0.303225576877594
-0.008824222721159458
0.08314218372106552
0.02931932732462883
-0.02368239313364029
0.01400510873645544
0.004427797626703978
0.11220097541809082
0.28962042927742004
-0.04334472864866257
0.08661974221467972
0.004501681309193373
-0.019009118899703026
0.03541987016797066
0.018019670620560646
-0.06789406388998032
-0.023775674402713776
-0.06603897362947464
0.34284359216690063
-0.16492126882076263
0.10358523577451706
-0.03175446391105652
0.13137608766555786
-0.07810808718204498
-0.19786633551120758
0.05443930998444557
0.20794300734996796
-0.06211666017770767
-0.5609958171844482
-0.21324454247951508
0.0026004661340266466
0.12792141735553741
-0.2990947663784027
0.3370779752731323
0.7552264928817749
-0.005101046059280634
0.13305361568927765
-0.024295760318636894
0.5146212577819824
0.05723675712943077
-0.052385881543159485
0.03798680007457733
0.39156994223594666
0.19232673943042755
0.005094295367598534
-0.45731320977211
0.07729560881853104
0.018497124314308167
0.17055466771125793
0.2696513831615448
-1.0567454410193022e-05
-0.06009265407919884
0.009663346223533154
0.020834846422076225
-0.060723017901182175
0.0018900129944086075
0.05154095217585564
0.05462418869137764
-0.020257826894521713
0.003703283378854394
-0.014776093885302544
-0.02453741990029812
-0.00801821704953909
-0.01124137919396162
0.010420011356472969
-0.052956659346818924
0.33372360467910767
0.2186853438615799
0.01114603504538536
-0.0989479199051857
0.38256046175956726
0.36696019768714905
0.300686240196228
0.3684036433696747
0.49947935342788696
0.19493219256401062
-0.1284232884645462
0.027042724192142487
0.2754952013492584
0.04795382544398308
-0.20988008379936218
0.4211680591106415
0.021816840395331383
-0.014338051900267601
-0.06587200611829758
-0.01689625158905983
0.0017574230441823602
0.010753572918474674
-0.0002200763556174934
0.004565516021102667
0.03784148022532463
0.04780399799346924
-0.01796092838048935
-0.06421247124671936
0.09795945137739182
-0.029863640666007996
-0.03190646693110466
0.032051075249910355
-0.09381113201379776
-0.031584955751895905
-0.006813765037804842
-0.058299217373132706
0.35276925563812256
0.19692854583263397
0.06142265349626541
0.1624312549829483
0.12987367808818817
0.23614726960659027
-0.26600223779678345
-0.07254335284233093
0.06883525848388672
0.04594594985246658
-0.10157692432403564
-2.4989305529743433e-05
0.47453656792640686
0.03762795776128769
0.23921392858028412
0.049544621258974075
0.35673609375953674
-0.02683456800878048
-0.05394429713487625
0.0052728368900716305
0.07823743671178818
0.2077980786561966
-0.090743787586689
0.2960214614868164
0.04539349675178528
0.025233624503016472
-0.3138146996498108
0.2477348893880844
0.7077743411064148
-0.002513432875275612
0.12838180363178253
-0.02827763929963112
0.1957043558359146
-0.04837111011147499
-0.06841673702001572
0.011753360740840435
0.06177152320742607
-0.01579776033759117
0.01500426884740591
0.09224209189414978
0.07972283661365509
-0.03330910578370094
0.16952022910118103
0.7430673837661743
0.18725690245628357
-0.09222722053527832
-0.029633356258273125
-0.07609917968511581
-0.1034950464963913
-0.01896723173558712
0.08120758831501007
0.06665504723787308
0.0047129131853580475
-0.04965715855360031
0.07331663370132446
-0.10991588979959488
0.03791482374072075
-0.007074875291436911
0.1011832058429718
0.10566597431898117
0.46785250306129456
0.31515979766845703
0.08581165224313736
0.013563837856054306
0.24531908333301544
0.17825809121131897
-0.04323446378111839
0.05989554896950722
0.32938840985298157
0.05653788521885872
0.06929817795753479
-0.46839383244514465
0.02832646481692791
0.07222172617912292
-0.02626906707882881
0.9292703866958618
0.6589872241020203
0.07279933243989944
0.12410490959882736
0.1081443652510643
0.38918161392211914
0.054163891822099686
-0.11722150444984436
0.04739962890744209
0.31827813386917114
0.07834495604038239
-0.039729129523038864
-0.29939281940460205
-0.00068027398083359
0.0747884213924408
0.10187443345785141
0.8125675320625305
0.010834548622369766
0.12827681005001068
-0.06596465408802032
0.012467789463698864
-0.046712007373571396
0.08244304358959198
-0.025197723880410194
0.03783591836690903
-0.13753631711006165
0.14976219832897186
0.02033322863280773
0.010381448082625866
0.0511295385658741
0.05502551048994064
-0.25341516733169556
-0.08189896494150162
0.41960328817367554
0.0607004351913929
0.028099484741687775
-0.052667539566755295
0.802394449710846
-6.739550735801458e-05
0.24985939264297485
0.08105801790952682
0.4434768259525299
0.0048040421679615974
-0.1093747615814209
-0.02118367701768875
-0.025700710713863373
-0.018133413046598434
-0.04040979593992233
0.5179509520530701
-0.4955194592475891
-0.4672027826309204
-0.2864972651004791
0.02862698957324028
-1.4236751794815063
-0.4308150112628937
-0.1661342978477478
-0.06892671436071396
-0.15138457715511322
-0.34737804532051086
-0.3847392797470093
-0.03751462697982788
-0.0032721085008233786
-0.17610050737857819
-0.10671399533748627
-0.3576206564903259
-0.7897207140922546
-0.29358160495758057
-0.09487062692642212
-0.2779182493686676
-0.14576919376850128
-0.25296637415885925
-0.06695948541164398
0.007847391068935394
-0.04569806158542633
0.04230590537190437
0.02404877543449402
-0.40018123388290405
0.036365702748298645
0.008348357863724232
-0.05862400680780411
-0.17790618538856506
0.013416359201073647
-0.04985037073493004
-0.1128462553024292
-0.0615275576710701
0.10563341528177261
-0.06266292929649353
0.028631890192627907
-0.01769038662314415
0.09793858230113983
0.020265860483050346
-0.045865852385759354
0.00714275985956192
-0.012879109010100365
-0.08046547323465347
-0.16337940096855164
-0.07400550693273544
-0.7607107162475586
-0.13052316009998322
-0.048639554530382156
-0.053232837468385696
-1.0357213020324707
-0.30700671672821045
-0.21063968539237976
-0.10952465981245041
-0.16953901946544647
-0.19608251750469208
0.16778594255447388
0.040389493107795715
-0.0670061707496643
-0.19533637166023254
0.1787811666727066
0.10806471109390259
-1.0029277801513672
-0.054118406027555466
-0.37514346837997437
0.10391834378242493
-0.4725109040737152
-0.13790687918663025
-0.2788139581680298
0.02001192793250084
-0.11518867313861847
0.035857561975717545
-0.01194862648844719
-0.28968143463134766
-0.0509384460747242
-0.045246124267578125
-0.12087783217430115
-0.1587350070476532
-0.9761356115341187
-0.3132377564907074
-0.08961019665002823
-0.03505845367908478
-0.11922726035118103
-0.17230874300003052
-0.15235066413879395
0.0512169748544693
-0.0650615245103836
0.01215254794806242
-0.04198145493865013
-0.15524089336395264
0.033118195831775665
0.013832095079123974
-0.16698044538497925
-0.022810276597738266
0.032508861273527145
-0.0030931010842323303
-0.11391659080982208
0.002856987528502941
0.030881129205226898
-0.0856383889913559
-0.07410480827093124
-0.026535671204328537
-0.04847296327352524
-0.054415199905633926
0.037161342799663544
0.04909874498844147
0.04165929928421974
-0.05912257730960846
0.23964916169643402
0.024179229512810707
-0.4650188088417053
-0.176686093211174
0.004348658956587315
-0.002969705732539296
-1.2740033864974976
-0.5464703440666199
-0.042982567101716995
-0.12579865753650665
-0.22476671636104584
-0.286550372838974
0.055788446217775345
0.01493094488978386
-0.17758966982364655
-0.07356631010770798
-0.05374429002404213
-0.2115125060081482
-0.38313034176826477
-0.17818987369537354
0.023787664249539375
-0.012491906993091106
-1.1897908449172974
-0.1842668503522873
-0.06608704477548599
-0.0023016289342194796
-0.17524319887161255
-0.29599714279174805
-0.04352499917149544
-0.016899675130844116
-0.06459255516529083
0.029908306896686554
-0.023490572348237038
-0.2535477578639984
-1.148845911026001
-0.3040944039821625
-0.2296997606754303
-0.010024547576904297
-1.1346546411514282
-0.45034921169281006
-0.18888628482818604
-0.024093763902783394
-0.4956442713737488
-0.21438594162464142
-0.4978190064430237
-0.039202865213155746
-0.10440787672996521
-0.1951707899570465
-0.34714043140411377
-0.13888046145439148
-0.02112981677055359
0.033680301159620285
0.0021410570479929447
0.009977697394788265
0.034813567996025085
0.029276913031935692
-0.04065583646297455
0.021670978516340256
-0.10734231770038605
0.007316205650568008
0.03456367552280426
-0.013810697942972183
0.03913230076432228
-0.06845913082361221
-0.0008014753111638129
-0.002369926543906331
-0.00986150186508894
0.012682858854532242
0.03240324556827545
-0.019039681181311607
0.02099691517651081
0.024928288534283638
0.011059118434786797
0.02906191721558571
0.020527305081486702
0.0495571568608284
0.039446763694286346
-0.027674207463860512
0.08152609318494797
-0.048218727111816406
0.0006192080909386277
0.026865199208259583
-1.3756903409957886
-0.42603397369384766
-0.14003130793571472
-0.04956298694014549
-0.24086993932724
-0.2155918926000595
-0.0192225631326437
-0.021417582407593727
-0.14419233798980713
-0.010541332885622978
-0.09147196263074875
-0.04373592883348465
0.04979931563138962
-0.025859886780381203
-0.2795337736606598
-0.7689762115478516
-0.17022493481636047
-0.007300338242202997
-0.0449737049639225
-0.050820495933294296
-0.05027784779667854
-0.0705210343003273
0.016725026071071625
-0.07187610864639282
0.0075997463427484035
-0.047322165220975876
0.049673110246658325
0.019464146345853806
0.04112164303660393
-0.1777082085609436
-0.21198299527168274
-0.2905762493610382
-1.3715425729751587
-0.47387203574180603
-0.4960147738456726
-0.11999758332967758
-1.1224522590637207
-0.5074666738510132
-0.32056528329849243
-0.09883329272270203
-0.3790522813796997
-0.2964510917663574
-0.4446256160736084
0.13568934798240662
-0.16880430281162262
-0.21290816366672516
-0.00028727372409775853
-0.679233968257904
-0.5087184906005859
-0.011710680089890957
-0.006906367838382721
-0.05142691358923912
0.05632589012384415
-0.5173208117485046
-0.17871950566768646
0.039068832993507385
-0.03806808963418007
-0.06732417643070221
0.004796489141881466
-0.028378354385495186
0.05218065157532692
-0.019445061683654785
-0.28805407881736755
-0.15795503556728363
-0.8401985764503479
-0.27533143758773804
-0.20960326492786407
-0.2087458372116089
-0.21134346723556519
-0.1087346151471138
0.07818127423524857
-0.01986836828291416
-0.1546996384859085
0.09771310538053513
-0.01761692389845848
0.016244329512119293
0.01844765804708004
-0.06682832539081573
-0.014779934659600258
-0.6167317628860474
-0.018448298797011375
0.018892552703619003
0.07042741030454636
-0.01022490207105875
-0.35673415660858154
0.09489621222019196
-0.2657875120639801
0.014198665507137775
-0.1578386425971985
0.09908262640237808
-0.02056795544922352
-0.040425632148981094
-0.12665489315986633
0.017594600096344948
-0.46491527557373047
0.09912152588367462
-0.060617025941610336
-0.04123811796307564
0.11958959698677063
-0.04375606030225754
-0.10183130949735641
-0.09510023891925812
-0.23365220427513123
0.00019740263815037906
-0.07945884019136429
-0.13191266357898712
0.04875999316573143
-0.054783448576927185
0.02948715351521969
-0.0026341606862843037
0.03920845687389374
0.024514878168702126
-0.6175402402877808
-0.02513301931321621
-0.05798424035310745
0.042594414204359055
-0.3041194677352905
-0.02420915476977825
-0.07607913762331009
0.05222942680120468
-0.12122803181409836
-0.08231090009212494
0.19186125695705414
0.0098555414006114
0.07591116428375244
-0.08174088597297668
0.0651213601231575
-0.05265608802437782
-1.3701516389846802
-0.3269348740577698
-0.20072491466999054
0.03772031515836716
-0.6099950075149536
-0.18076865375041962
0.037649981677532196
-0.10662999749183655
-0.23059478402137756
-0.27284279465675354
-0.02712574228644371
0.24739348888397217
-0.1328803300857544
-0.007268999237567186
-0.23226091265678406
-0.3093196153640747
-0.018610741943120956
-0.00024793826742097735
-0.010267634876072407
-0.043263837695121765
0.030185356736183167
-0.004920210689306259
0.042159274220466614
0.023852091282606125
0.09862635284662247
0.00019056943710893393
0.005990943405777216
-0.05149373784661293
-0.05800813063979149
0.040744051337242126
-0.008742167614400387
-0.01244080625474453
-0.3485698699951172
-0.14089295268058777
-0.055319320410490036
0.04900987073779106
-1.3007004261016846
-0.4999077618122101
-0.35754257440567017
-0.3220077455043793
-0.376157283782959
-0.26996830105781555
-0.044620487838983536
-0.04188503697514534
-0.21919037401676178
-0.13814309239387512
-0.008025692775845528
-0.6650174856185913
0.0030615569557994604
0.08515843749046326
-0.09488517791032791
-0.0019177645444869995
0.016876596957445145
-0.040004804730415344
0.0019119298085570335
-0.001129247946664691
0.06608746945858002
-0.05567541345953941
0.019900579005479813
-0.01374070718884468
0.04719128459692001
-0.023533904924988747
0.05266854539513588
0.03413190692663193
0.04476948827505112
0.004376492463052273
-0.029356535524129868
-0.004412132780998945
-0.83003830909729
-0.40274500846862793
-0.021616531535983086
-0.18812595307826996
-0.13609525561332703
-0.24945712089538574
0.07353823632001877
0.031651243567466736
-0.13989226520061493
-0.11866649985313416
-0.03231353685259819
-0.43220922350883484
-0.9457452893257141
0.004965171683579683
-0.36698606610298157
0.028038596734404564
-0.33382222056388855
0.07089082151651382
-0.03384401276707649
-0.037736136466264725
-0.11297448724508286
-0.17200931906700134
0.05845044553279877
-0.5909054279327393
0.09485926479101181
0.06037704646587372
-0.0011605613399297
-0.09411408752202988
-1.0569617748260498
-0.056376438587903976
-0.19060274958610535
0.0346045196056366
-0.11281552165746689
-0.03043569065630436
0.13002248108386993
-0.11023541539907455
0.0036794752813875675
-0.037811100482940674
0.01588035747408867
-0.08055005967617035
0.006375491619110107
-0.04599178209900856
-0.2021920531988144
-0.6441047787666321
-0.4478752315044403
-0.039764828979969025
0.01320885494351387
0.0870317816734314
0.08810676634311676
-0.07277315109968185
-0.010062946006655693
0.021321894600987434
-0.029825374484062195
-0.0193572286516428
-0.04802852123975754
0.041216179728507996
0.05037510767579079
-0.00361629412509501
-0.12218523025512695
0.005469013471156359
-1.428659200668335
-0.4323139786720276
-0.16514192521572113
-0.04107242822647095
-0.26052287220954895
-0.31207504868507385
0.04394173249602318
-0.05154656618833542
-0.30605512857437134
-0.23777885735034943
-0.02545514889061451
-0.10865677893161774
-0.03315003961324692
-0.09661102294921875
-0.05995618924498558
-0.7440170645713806
-1.3143147230148315
-0.3052211403846741
-0.16850139200687408
-0.06366537511348724
-0.29535993933677673
-0.16576078534126282
0.1366473287343979
-0.021753234788775444
-0.2079765796661377
-0.1206863671541214
-0.012856611050665379
-0.2712106704711914
-0.06925719976425171
-0.07183504849672318
-0.22622251510620117
-0.6380561590194702
-0.08906719088554382
-0.004380505066365004
-0.04235954210162163
0.018100326880812645
0.06758097559213638
-0.015113151632249355
-0.13125695288181305
0.012393921613693237
0.10199712216854095
0.07384373992681503
-0.13678504526615143
0.012310885824263096
-0.00022926685051061213
-0.05407000333070755
0.19059772789478302
-0.00020911522733513266
-0.27360934019088745
-0.062256183475255966
0.050602953881025314
0.007904648780822754
-1.2566019296646118
0.07328963279724121
-0.3531778156757355
-0.012095571495592594
-0.22742463648319244
-0.04033214971423149
0.19347421824932098
0.007238095626235008
-0.08152180165052414
0.051653534173965454
-0.03588341176509857
-0.7147634625434875
0.38949042558670044
0.24013592302799225
0.22312979400157928
-0.056029703468084335
0.8896258473396301
0.2882739305496216
-0.0508548803627491
-0.23016251623630524
0.09021594375371933
0.2878071665763855
0.6593880653381348
-0.006107454188168049
0.11389359831809998
0.21053624153137207
0.11834827810525894
0.18119804561138153
0.33222466707229614
0.25387483835220337
-0.10679356008768082
0.2819288372993469
0.14963553845882416
0.2225562036037445
-0.02461630292236805
0.006258909124881029
0.0019749051425606012
-0.02548275701701641
0.021518977358937263
0.4963475465774536
0.004581106826663017
0.11292864382266998
0.08867126703262329
0.0949036255478859
-0.1309957355260849
-0.056297678500413895
0.09434445202350616
0.0355679951608181
-0.025798894464969635
0.04255002737045288
-0.06582228094339371
-0.04162232205271721
-0.01545325480401516
0.0037368489429354668
0.06982839107513428
-0.00015869089111220092
-0.029301052913069725
0.14616802334785461
0.1442660540342331
0.09591900557279587
0.4874444603919983
0.013360065408051014
-0.03471674025058746
0.007750532124191523
0.17375512421131134
0.0718907043337822
-0.0009140187175944448
0.03557233884930611
-0.058933332562446594
0.11068501323461533
-0.36014628410339355
-0.01309760008007288
0.06949813663959503
0.13336880505084991
-0.04294854402542114
0.0036722212098538876
0.32147327065467834
-0.006293248850852251
0.01993216574192047
-0.07223913073539734
0.36911144852638245
-0.14860834181308746
0.2477068454027176
-0.02973744086921215
0.04271303489804268
-0.00918801873922348
-0.022450760006904602
0.2432710826396942
-0.007805024739354849
-0.03015967272222042
0.43454509973526
0.2488427460193634
0.5020151138305664
0.10233112424612045
-0.047716107219457626
-0.09981326013803482
0.08997614681720734
0.12847541272640228
-0.02008882910013199
0.03460652008652687
0.12466544657945633
0.0703556016087532
-0.015045295469462872
-0.12713485956192017
-0.01925080642104149
0.04293929785490036
0.2730341851711273
0.038042616099119186
-0.0679108202457428
-0.10267071425914764
0.0731535404920578
0.015193890780210495
-0.08323653787374496
-0.0381351113319397
-0.07648415118455887
0.031106246635317802
-0.025029337033629417
0.05436664819717407
-0.065104179084301
0.0076902094297111034
-0.02544032409787178
0.14501433074474335
-0.06460428982973099
-0.03811013326048851
0.26650625467300415
0.11952293664216995
0.077906034886837
-0.04756002128124237
0.5346820950508118
0.2736648619174957
-0.12695197761058807
-0.07940355688333511
0.14018908143043518
0.22926753759384155
-0.30562835931777954
0.03771234303712845
0.26349303126335144
0.11281377077102661
0.055121440440416336
0.04502115026116371
0.4236120581626892
0.1698005199432373
-0.03460115194320679
0.08725402504205704
0.5076327323913574
0.28235071897506714
-0.06314562261104584
-0.059389110654592514
0.19306425750255585
0.27054065465927124
-0.08131293207406998
0.05984093248844147
0.07358559966087341
-0.006362332496792078
-0.11438245326280594
0.18762794137001038
0.7638627886772156
0.138575941324234
0.037314895540475845
0.04967521131038666
0.4938303828239441
0.29229819774627686
-0.09131670743227005
-0.007772465236485004
0.3264141082763672
0.15074372291564941
0.4315887689590454
-0.22907821834087372
0.25609585642814636
0.2120540589094162
0.5532172322273254
-0.023085029795765877
0.03147994354367256
-0.03286540135741234
-0.00881598237901926
-0.0513739213347435
-0.020429862663149834
0.026364175602793694
-0.10896105319261551
0.005701275076717138
0.06480712443590164
-0.02258717268705368
-0.04297721013426781
-0.010359691455960274
-0.014315430074930191
-0.013697265647351742
-0.03695747256278992
-0.09416386485099792
0.009848413057625294
-0.004482410382479429
0.027685798704624176
0.022121937945485115
-0.11425866931676865
-0.046041183173656464
-0.14876583218574524
-0.032184042036533356
-0.036360375583171844
0.03388948366045952
-0.012379837222397327
-0.005822856444865465
-0.005657408386468887
0.08036103844642639
-0.034792739897966385
-0.003968290518969297
0.6471826434135437
0.14504265785217285
-0.02730017527937889
0.017657259479165077
0.29691073298454285
0.2018904834985733
-0.05168461799621582
0.046411577612161636
0.18539494276046753
0.08437444269657135
-0.03124857135117054
-0.14184218645095825
-0.035609979182481766
-0.05749991536140442
0.342778742313385
0.8563232421875
0.14708375930786133
-0.10848116129636765
-0.08084555715322495
-0.0198813546448946
-0.022632772102952003
-0.053510379046201706
-0.095480777323246
-0.05086902156472206
0.039989911019802094
-0.00968114286661148
-0.27975335717201233
0.055617161095142365
0.06490549445152283
0.1748863160610199
0.2084190845489502
0.3078545033931732
0.9485584497451782
0.3444938361644745
0.2804082930088043
0.0036331049632281065
0.5941733717918396
0.3173888623714447
-0.04313166067004204
-0.12121348828077316
0.3799799084663391
0.2885292172431946
0.5661143064498901
-0.0539020299911499
0.11924754828214645
0.18411515653133392
-0.08307605236768723
0.23952749371528625
-0.2532036304473877
-0.033504705876111984
-0.10364117473363876
0.022573968395590782
0.059686969965696335
0.14474481344223022
0.10398156195878983
0.022581493481993675
-0.10958138853311539
-0.026865379884839058
0.01873124949634075
-0.0922984853386879
-0.10122460871934891
0.08353257179260254
0.5488402247428894
0.1268673837184906
0.1866435557603836
-0.0220663920044899
-0.0303123127669096
0.11399756371974945
0.326448917388916
0.06524941325187683
-0.13320739567279816
0.016098417341709137
0.17381224036216736
0.07545799016952515
-0.15786923468112946
0.24846522510051727
-0.04855802655220032
0.040639229118824005
-0.12478335946798325
0.4251652956008911
0.00560178654268384
0.03160402923822403
0.04960532858967781
0.05674154311418533
0.1767348051071167
-0.1368265599012375
0.2137928009033203
-0.01574663072824478
0.17289291322231293
-0.05425531044602394
0.05102410167455673
-0.027226727455854416
0.15389198064804077
-0.030657825991511345
0.4995768964290619
-0.04916230961680412
0.1419021338224411
-0.06007736548781395
-0.0706685334444046
-0.05837244540452957
-0.017646756023168564
-0.11808346956968307
0.18436074256896973
-0.0036519039422273636
0.09724906831979752
0.07874760031700134
0.01591765321791172
0.0949687659740448
-0.02032998390495777
-0.049868062138557434
0.24727658927440643
-0.042233143001794815
0.2560911476612091
-0.21851710975170135
-0.17270568013191223
-0.020278753712773323
0.22558219730854034
-0.16096273064613342
-0.03231973201036453
-0.02372668869793415
0.1725064069032669
-0.07234279066324234
-0.5449886322021484
-0.11298232525587082
-0.0616816021502018
0.16486406326293945
-0.13080187141895294
0.16560713946819305
0.7818593382835388
0.20643872022628784
-0.13261568546295166
-0.05221869796514511
0.41140738129615784
0.04498942568898201
-0.19964978098869324
0.09947527945041656
0.4323061406612396
0.31219378113746643
-0.08798374980688095
-0.2324162870645523
0.02195063792169094
0.001756301149725914
0.25349465012550354
0.42256444692611694
-0.025496579706668854
0.0584411546587944
-0.0043500326573848724
-0.02831246331334114
-0.024277200922369957
0.03686260059475899
-0.007240539416670799
-0.04466291517019272
0.011533049866557121
-0.019365234300494194
0.018407227471470833
-0.04016900062561035
-0.01078240666538477
0.02279624529182911
-0.01811223477125168
-0.04392150416970253
0.2942644953727722
0.1909540593624115
0.008854021318256855
0.025418056175112724
0.40400493144989014
0.43338388204574585
0.09115716069936752
0.27776166796684265
0.3638458549976349
0.17451471090316772
-0.02254955656826496
0.07669200748205185
0.25542184710502625
0.011348506435751915
-0.16273878514766693
0.7519885897636414
-0.009048785082995892
-0.04900652542710304
-0.06522399187088013
-0.0007356606074608862
0.012810861691832542
-0.0576569102704525
-0.07663492113351822
0.035475123673677444
0.01923557184636593
-0.08195816725492477
-0.05229136347770691
-0.06862089037895203
0.0022309867199510336
-0.023432204499840736
-0.0010928439442068338
0.06186135113239288
-0.07314861565828323
-0.13085414469242096
-0.055678848177194595
8.273444109363481e-05
0.27638018131256104
0.30881693959236145
-0.08060361444950104
0.058809954673051834
0.16457606852054596
0.2420576959848404
-0.12672929465770721
0.026533406227827072
0.07406996190547943
0.05651378259062767
-0.10824169963598251
0.24192239344120026
0.332480251789093
0.05715170502662659
0.08186256885528564
0.0542074590921402
0.3471829295158386
-0.04027038440108299
-0.12054169923067093
-0.009778433479368687
0.09272510558366776
0.20734387636184692
-0.08073028177022934
0.3180946111679077
0.01871614344418049
0.023642947897315025
-0.1390012949705124
0.17564529180526733
0.6805437803268433
-0.024653371423482895
-0.012980332598090172
0.025120249018073082
0.23545530438423157
0.012837626971304417
0.014576556161046028
0.06801903247833252
-0.0038807704113423824
0.06566230952739716
0.007490362972021103
0.3692839741706848
-0.07171791046857834
-0.013713548891246319
0.13249363005161285
0.7362236976623535
0.12981736660003662
-0.2837015986442566
-0.10656561702489853
-0.028666911646723747
0.04907474294304848
0.08913920074701309
0.05561927333474159
-0.04586496204137802
0.033254530280828476
-0.04026647284626961
-0.07598301023244858
-0.07704680413007736
-0.04155378416180611
0.08358883112668991
-0.008915798738598824
0.049274370074272156
0.29890626668930054
0.21681688725948334
-0.09980189055204391
-0.0492834635078907
0.21807287633419037
0.22622881829738617
-0.18142056465148926
0.043692030012607574
0.38351255655288696
0.06890594214200974
0.07603855431079865
-0.13023212552070618
0.010700180195271969
0.036083027720451355
-0.05403728038072586
0.8183951377868652
0.6259616017341614
0.12582512199878693
-0.012474850751459599
-0.02809859625995159
0.2997922897338867
-0.04345088079571724
-0.0528230257332325
0.05774477869272232
0.3694848120212555
0.14088289439678192
-0.06267666071653366
-0.02954844944179058
0.0018382432172074914
0.025524800643324852
0.2769404649734497
0.7358242273330688
0.06982289254665375
-0.13080760836601257
-0.0002744467346929014
-0.0791553184390068
-0.09930858016014099
-0.11374856531620026
0.003860119730234146
0.025896988809108734
-0.1325015276670456
-0.05132947489619255
-0.006872444413602352
-0.09432443231344223
-0.05589171499013901
0.16628555953502655
-0.149093359708786
0.029317524284124374
0.4504569470882416
0.03470619022846222
0.009234407916665077
-0.041460566222667694
0.784716010093689
0.030677516013383865
0.1364380419254303
-0.01532092783600092
0.3874051868915558
0.14233526587486267
-0.07102062553167343
0.031733982264995575
0.0606854110956192
0.03026530146598816
0.02776249498128891
0.6762208342552185
0.2234107255935669
0.24296145141124725
0.1732787787914276
-0.06667818874120712
0.6133195757865906
-0.0016329241916537285
0.07719448208808899
-0.14461326599121094
-0.20266768336296082
0.10748826712369919
0.5360938310623169
-0.011330023407936096
0.16275005042552948
0.20371447503566742
0.06415657699108124
0.18366271257400513
0.4550835192203522
0.11350104212760925
-0.030966375023126602
0.17066127061843872
-0.05410848930478096
0.12293638288974762
-0.060105785727500916
0.05847940221428871
0.040512099862098694
-0.06322339922189713
-0.07129576057195663
0.3915781080722809
0.02406146749854088
0.0194383654743433
-0.15791599452495575
0.10798971354961395
-0.3574662208557129
-0.07797402143478394
0.02175017073750496
0.020356755703687668
-0.24271763861179352
0.04818778485059738
0.016495512798428535
0.006441930308938026
-0.037444401532411575
0.0002631671086419374
-0.16860352456569672
-0.08368054032325745
0.028150081634521484
0.11963952332735062
0.18567153811454773
0.07944317907094955
0.11241250485181808
0.03790747746825218
0.08379652351140976
-0.009302119724452496
0.3970070779323578
-0.03194499388337135
-0.022974630817770958
0.09365308284759521
-0.1897321492433548
-0.10762190818786621
-0.5418985486030579
-0.05453933775424957
0.20221668481826782
0.1254979819059372
-0.03656257316470146
-0.07599376142024994
0.40538886189460754
-0.3321288824081421
0.0401708260178566
-0.12374994903802872
0.17222894728183746
-0.20854859054088593
0.20178361237049103
0.03496329486370087
-0.065694659948349
-0.04171713441610336
0.02845371887087822
0.23463644087314606
0.018830619752407074
0.042520154267549515
0.19430506229400635
0.16514162719249725
0.3911081850528717
-0.14240504801273346
-0.06916768103837967
-0.1217864379286766
0.20612375438213348
-0.06792854517698288
-0.07834146916866302
0.007336068898439407
0.11226924508810043
0.0614858977496624
0.06803711503744125
-0.23331141471862793
0.027539322152733803
-0.04800787940621376
0.07933523505926132
0.11382997035980225
-0.3384939730167389
-0.09253056347370148
0.019814107567071915
-0.07667773216962814
-0.05542733892798424
-0.06902150809764862
-0.061304811388254166
0.024463437497615814
-0.1666138917207718
0.014470425434410572
-0.2381306141614914
-0.0038117964286357164
-0.07418084144592285
0.11319692432880402
-0.2806093096733093
-0.05589133873581886
0.13904498517513275
0.13505351543426514
0.019659625366330147
0.03927264362573624
0.5614891648292542
0.08451606333255768
-0.17652609944343567
-0.02225928194820881
-0.021967381238937378
0.03448867425322533
-0.4230440557003021
0.06582061201334
0.2039073407649994
0.08750594407320023
0.13298016786575317
-0.20889241993427277
0.5244650840759277
0.17683646082878113
-0.02369108237326145
0.025693150237202644
0.48897770047187805
0.01831994391977787
-0.07699216902256012
-0.07755894213914871
0.054711438715457916
0.10912267118692398
-0.03171059489250183
-0.0011743417708203197
0.07153208553791046
0.02235143817961216
-0.03905462846159935
0.22275660932064056
0.8562626242637634
0.00255018612369895
0.17935502529144287
-0.08891280740499496
0.47810691595077515
0.13423150777816772
-0.052500706166028976
-0.10278653353452682
0.14799782633781433
-0.07545364648103714
0.3506302833557129
-0.2716861367225647
0.2821164131164551
0.2138025313615799
0.42221373319625854
-0.025197729468345642
-0.039152275770902634
-0.001002281904220581
0.021098798140883446
0.019758623093366623
-0.011638644151389599
-0.03137647360563278
-0.0340459905564785
-0.06519164144992828
0.00930160004645586
-0.017752470448613167
-0.09077606350183487
-0.07280002534389496
-0.02813100814819336
-0.029981238767504692
-0.061032846570014954
-0.018625997006893158
-0.08052664995193481
-0.03820827603340149
0.026060879230499268
-0.019086094573140144
-0.16174307465553284
-0.06175783649086952
-0.014659824781119823
0.018297391012310982
-0.06736886501312256
-0.006170019507408142
-0.12085097283124924
-0.033784497529268265
-0.08446893095970154
-0.03465637192130089
-0.11223828047513962
0.0076586538925766945
0.6765064001083374
-0.09658610075712204
-0.005776223260909319
-0.03756682947278023
-0.008483159355819225
0.012960315681993961
-0.17766578495502472
-0.0064405398443341255
0.2659868597984314
0.036966826766729355
0.015477876178920269
-0.1562279313802719
0.038812339305877686
0.08941186964511871
0.15983906388282776
0.8799606561660767
0.15067358314990997
-0.015536075457930565
-0.05057397112250328
-0.08587884157896042
-0.20868806540966034
-0.060244545340538025
-0.05948491021990776
0.02348552830517292
0.05537409335374832
-0.0012586100492626429
-0.3312753140926361
-0.02636844292283058
-0.03865611553192139
0.14894646406173706
0.22135135531425476
0.27166426181793213
0.9588545560836792
0.02132469043135643
0.23179952800273895
-0.15496733784675598
0.5460684895515442
-0.013636904768645763
0.033428873866796494
-0.07563567906618118
0.11698660254478455
-0.07739684730768204
0.4294998049736023
-0.0670420303940773
0.23581016063690186
0.03098403289914131
-0.2112080454826355
0.174947127699852
-9.140922338701785e-05
-0.32884135842323303
-0.16111698746681213
-0.06665530055761337
-0.3568542003631592
-0.02650674246251583
0.15840581059455872
-0.005835551302880049
-0.032890863716602325
-0.03321252018213272
0.09385207295417786
-0.18066810071468353
0.07062779366970062
0.027862124145030975
0.5168225765228271
0.1626339852809906
0.14981411397457123
-0.12986648082733154
-0.05051850900053978
0.10227454453706741
-0.027186935767531395
-0.20974195003509521
-0.24427643418312073
-0.05685858801007271
0.1424715518951416
-0.078188456594944
-0.3408924639225006
0.2506871521472931
-0.04910049960017204
-0.0024790342431515455
-0.12277165055274963
0.5273836255073547
3.4642191167222336e-05
0.05246929079294205
-0.04390368238091469
0.038126565515995026
0.1813206672668457
-0.15762360394001007
0.25724682211875916
0.03244359418749809
0.1295594871044159
-0.13706336915493011
0.0637168362736702
-0.0059141675010323524
0.13811366260051727
0.06101720780134201
0.27741214632987976
-0.06410764902830124
0.07399947941303253
0.09045751392841339
0.06407178938388824
-0.008298717439174652
-0.07216034084558487
-0.11004775017499924
0.29790207743644714
-0.042417142540216446
-0.10482843220233917
0.10214655846357346
-0.07621990144252777
-0.08541618287563324
0.04832294583320618
0.023681528866291046
0.06971664726734161
0.012560942210257053
0.14180488884449005
-0.295500248670578
-0.12661752104759216
-0.042141277343034744
0.04094106703996658
-0.22370272874832153
0.02754213660955429
-0.010499789379537106
0.039626363664865494
-0.07847894728183746
-0.5883815288543701
-0.3795531690120697
0.05748770013451576
0.07480155676603317
0.013582332991063595
0.12992222607135773
0.7586392760276794
-0.07081911712884903
0.01705157943069935
-0.04083460941910744
0.15659841895103455
-0.1548684984445572
-0.21509204804897308
-0.012438819743692875
0.2633201777935028
0.1117500513792038
-0.06896448135375977
-0.2018970400094986
0.08417432755231857
0.039983224123716354
0.14157189428806305
0.2902391850948334
0.007241027895361185
-0.002371150767430663
-0.0733356773853302
-0.013702359050512314
-0.09545639157295227
-0.016845636069774628
-0.05542115122079849
0.031798355281353
-0.06592324376106262
0.004597784951329231
0.06473468989133835
-0.000431174470577389
0.030100997537374496
0.008768574334681034
0.03542005270719528
-0.05525311455130577
0.3867168426513672
0.21794278919696808
0.03883998468518257
0.1155707985162735
0.41418761014938354
0.08984175324440002
0.04873112589120865
0.27086395025253296
0.24209064245224
-0.026192642748355865
-0.12414368987083435
-0.003225046442821622
0.17194323241710663
0.07245448231697083
-0.34345385432243347
0.5668754577636719
0.04218366742134094
-0.03614344075322151
-0.048200588673353195
-0.038788508623838425
-0.03655938804149628
-0.03822223097085953
0.046894654631614685
-0.03072221577167511
-0.03279358893632889
0.010642409324645996
0.04150533676147461
-0.08791211247444153
-0.061285194009542465
0.029062531888484955
-0.02715381048619747
0.09551148861646652
-0.07193974405527115
0.010058986023068428
-0.03361039608716965
0.009397877380251884
0.22938869893550873
0.16492010653018951
-0.049403317272663116
0.06370970606803894
-0.06288553029298782
-0.044332005083560944
-0.16997875273227692
-0.01751808635890484
0.06697071343660355
0.06769769638776779
0.024791430681943893
-0.01467436458915472
0.4384559392929077
-0.33580100536346436
0.12295014411211014
0.012710273265838623
0.0534423366189003
-0.23316766321659088
-0.04314565286040306
0.005628406070172787
-0.09891805052757263
0.28310051560401917
-0.014058859087526798
0.3867904543876648
0.010935064405202866
0.024374376982450485
-0.39478448033332825
0.15816937386989594
0.7066477537155151
-0.3631383180618286
-0.015896746888756752
0.058884624391794205
0.10542702674865723
-0.12717129290103912
0.010297620669007301
0.06396026909351349
0.054539091885089874
-0.001426519243977964
-0.05654292553663254
0.2574954330921173
-0.018291903659701347
-0.008281040005385876
0.1232941523194313
0.739809513092041
0.15056800842285156
-0.3060033917427063
-0.18298178911209106
-0.03747497498989105
-0.0992116928100586
-0.05525926500558853
-0.06354444473981857
0.04378646984696388
0.04175741970539093
-0.005791474133729935
0.004994983319193125
-0.32184281945228577
0.03177916631102562
-0.06059924513101578
0.02720409445464611
0.12933656573295593
0.3468204140663147
-0.004847250878810883
-0.09464981406927109
-0.03546300530433655
-0.11101984232664108
-0.0391935259103775
-0.07682275772094727
0.022743314504623413
0.07969046384096146
0.05580853298306465
0.14599069952964783
-0.23526889085769653
0.04766813665628433
0.03757617622613907
-0.21186992526054382
0.8765309453010559
0.6100901365280151
-0.09633561223745346
-0.10449967533349991
0.05891282111406326
0.1438416689634323
-0.15430422127246857
-0.12263894081115723
0.06064349040389061
0.2799627184867859
0.10767634958028793
-0.024530766531825066
-0.1308523416519165
0.09693251550197601
0.01493809837847948
0.10594288259744644
0.8126758337020874
-0.215321347117424
-0.07631075382232666
-0.1002294197678566
0.010362045839428902
-0.24177435040473938
-0.06355573236942291
-0.009170372039079666
-0.015008212067186832
-0.17505352199077606
0.09015637636184692
-0.08628202974796295
-0.061633847653865814
-0.00939521286636591
0.0935600996017456
-0.22750400006771088
0.0064565157517790794
0.3660895824432373
0.10817020386457443
0.039753258228302
-0.01678127981722355
0.917398989200592
-0.2866581082344055
0.15219618380069733
0.036141008138656616
0.19741369783878326
-0.18124382197856903
-0.08268320560455322
-0.0291342344135046
0.06353457272052765
0.11790136247873306
0.044442981481552124
0.5741632580757141
0.1352606862783432
0.18550220131874084
0.20833978056907654
0.02053600549697876
0.6351444721221924
0.08921444416046143
-0.04499448835849762
-0.08082205057144165
0.013329368084669113
-0.017202336341142654
0.616828203201294
-0.1181635633111
0.09537872672080994
0.193608820438385
0.12447332590818405
0.20986443758010864
0.38440650701522827
0.22705703973770142
-0.021227825433015823
0.15198016166687012
-0.003047825302928686
0.025920359417796135
-0.022722288966178894
-0.01498835813254118
-0.04236704483628273
-0.04413142427802086
-0.05004796385765076
0.5090222954750061
0.009600886143743992
-0.04361593350768089
0.036570075899362564
0.12494490295648575
-0.33389225602149963
-0.12053877115249634
-0.017924314364790916
-0.018551573157310486
-0.13545510172843933
0.051408518105745316
0.02421206794679165
-0.009806822054088116
0.00986116286367178
-0.003735051956027746
-0.04981493577361107
0.09551578760147095
-0.09310951828956604
0.0984937995672226
0.08959195017814636
0.024521391838788986
0.3791782855987549
-0.012798883020877838
0.04730840399861336
0.007416851352900267
0.3011743724346161
-0.08842232823371887
0.08297725766897202
-0.05364510044455528
-0.1590033918619156
-0.1459670513868332
-0.3767614960670471
0.04729028418660164
0.14285075664520264
0.1788928508758545
-0.059528231620788574
-0.025776373222470284
0.5255849361419678
-0.2279490977525711
0.08308947831392288
-0.030505776405334473
0.30537185072898865
-0.32200729846954346
0.08984296768903732
0.026900609955191612
-0.16925831139087677
-0.020582424476742744
-0.050878725945949554
0.2656228840351105
0.050723765045404434
0.11244554817676544
0.31005147099494934
0.14023107290267944
0.47972264885902405
0.04213199391961098
-0.06134767085313797
-0.1235077753663063
0.15962205827236176
-0.08833689242601395
-0.0730714276432991
0.025172285735607147
0.12138748168945312
0.08213365077972412
0.016981983557343483
-0.045684587210416794
0.038747429847717285
0.012088402174413204
0.2243916541337967
0.008916296064853668
-0.3076828718185425
-0.18423976004123688
-0.0020455350168049335
-0.044459156692028046
-0.11246224492788315
-0.049892157316207886
0.044153038412332535
-0.014961580745875835
-0.19420930743217468
0.08758581429719925
-0.19493672251701355
-0.08110587298870087
-0.0657161995768547
0.07171701639890671
-0.10254638642072678
0.0388762466609478
0.18533799052238464
0.14033423364162445
0.06383141875267029
0.018305575475096703
0.5941633582115173
0.31069841980934143
-0.04739625006914139
-0.10343057662248611
-0.049339521676301956
-0.004247881006449461
-0.1972602903842926
0.04404056817293167
0.07952165603637695
0.09132450819015503
0.0535721555352211
0.02253872901201248
0.5089436173439026
0.10449355840682983
0.049119431525468826
-0.006465157959610224
0.5270444750785828
0.08443248271942139
-0.1804264783859253
-0.019814925268292427
0.11432749032974243
0.03870673105120659
-0.048613667488098145
0.011988888494670391
0.03700512647628784
-0.03491321951150894
-0.01826169528067112
0.284919410943985
0.744924783706665
0.04647478461265564
0.07546080648899078
-0.05240023136138916
0.6816694736480713
0.19909533858299255
-0.15612630546092987
-0.022477129474282265
0.325528621673584
-0.12186306715011597
0.46308037638664246
-0.2241140753030777
0.15998542308807373
0.17303112149238586
0.495789110660553
0.004675884731113911
8.626707858638838e-05
0.0176940206438303
-0.014836837537586689
0.055459603667259216
-0.11170677095651627
0.027241280302405357
-0.025916744023561478
-0.016905654221773148
0.1029735803604126
0.0008262860937975347
-0.12184029072523117
-0.048914067447185516
-0.04847805202007294
-0.0020113978534936905
0.045056961476802826
0.0855691060423851
-0.0011311861453577876
0.025816239416599274
0.05211703106760979
-0.0019873762503266335
-0.1225302666425705
-0.13435901701450348
-0.06837286055088043
-0.031053410843014717
-0.061000075191259384
-0.07248381525278091
0.05360192805528641
-0.012071622535586357
0.058856211602687836
-0.048148263245821
0.03626556694507599
0.04636259749531746
0.8377153277397156
0.036242127418518066
-0.10951543599367142
-0.017674293369054794
0.12014008313417435
-0.0209168903529644
-0.058225661516189575
0.053356725722551346
0.1618516892194748
0.10730524361133575
0.02977459505200386
-0.15413756668567657
-0.0700496956706047
0.05380752310156822
0.243933767080307
0.866292417049408
0.223184272646904
-0.0005451013566926122
-0.026763981208205223
0.04797765240073204
-0.07123185694217682
-0.14242224395275116
-0.023784566670656204
0.0312541238963604
0.013630721718072891
-0.0023744599893689156
-0.2419329285621643
0.009629448875784874
-0.012336303479969501
0.2150607407093048
0.07578112185001373
0.27348950505256653
0.9049052000045776
0.1762789636850357
0.10228367894887924
-0.08081022650003433
0.5795336365699768
0.056007325649261475
-0.01864701695740223
-0.1861153244972229
0.21089692413806915
-0.02903655357658863
0.554650068283081
-0.013930955901741982
0.15799666941165924
0.16373945772647858
0.016800615936517715
0.1950203776359558
-0.049848850816488266
-0.3451082706451416
-0.13090209662914276
0.05202946066856384
-0.21940387785434723
0.11671948432922363
0.14338074624538422
0.05592529475688934
-0.11082866042852402
0.01571536250412464
0.09493343532085419
-0.15753933787345886
0.07615885883569717
-0.024016069248318672
0.6283453702926636
0.16534630954265594
0.16827750205993652
-0.14012889564037323
-0.04241069778800011
0.07873035967350006
0.09435539692640305
-0.13144086301326752
-0.18197347223758698
0.0040649790316820145
0.10317308455705643
-0.015643324702978134
-0.2601579427719116
0.246942400932312
-0.04198668524622917
0.032249826937913895
-0.15735018253326416
0.5280476808547974
-0.011489106342196465
-0.024917419999837875
-0.02325984463095665
0.032707106322050095
0.2782740294933319
-0.16904525458812714
0.0604051873087883
0.06040008366107941
0.03089749626815319
-0.16669072210788727
0.12348941713571548
0.022768227383494377
0.1806635558605194
-0.007070436608046293
0.4652167856693268
-0.04210290685296059
0.24422360956668854
0.042038626968860626
-0.0003442442393861711
0.06512845307588577
-0.13160552084445953
-0.12802909314632416
0.25620442628860474
0.02475373074412346
-0.08855491131544113
0.12121892720460892
-0.0875810980796814
-0.0658898577094078
-0.015893472358584404
0.0036106370389461517
0.18728293478488922
0.06728086620569229
0.15505553781986237
-0.28516045212745667
-0.09001193195581436
-0.10416858643293381
0.207115039229393
-0.2668047547340393
-0.19797107577323914
0.10181227326393127
-0.047184668481349945
-0.046024516224861145
-0.449849933385849
-0.27840977907180786
-0.02639794908463955
0.08886466920375824
-0.1701248288154602
0.13392917811870575
0.7816421389579773
-0.07954204082489014
0.0670158788561821
-0.07111276686191559
0.3468632996082306
-0.13155269622802734
-0.22597675025463104
0.06615398824214935
0.25871482491493225
0.056595273315906525
0.02276100218296051
-0.22034180164337158
-0.04267390817403793
0.0027697663754224777
0.22951626777648926
0.3596743941307068
0.06838797777891159
-0.09227562695741653
-0.006779363378882408
-0.05187950283288956
0.07047396153211594
-0.048503052443265915
0.010772309266030788
-0.029373908415436745
0.02200639620423317
0.030027318745851517
0.04896068572998047
-0.02268783189356327
-0.08079031109809875
-0.004701734986156225
-0.03810403123497963
0.041177645325660706
0.3205486536026001
0.17482733726501465
0.06839151680469513
0.01609097048640251
0.5350671410560608
0.33076730370521545
0.11728544533252716
0.28485238552093506
0.3318761885166168
-0.03415141999721527
-0.07380137592554092
-0.02791435830295086
0.24758659303188324
0.022412791848182678
-0.18417270481586456
0.6199904680252075
-0.04952419921755791
0.019337447360157967
-0.004806969780474901
-0.049351610243320465
0.009349334985017776
-0.077634796500206
0.005732362624257803
-0.03357440605759621
-0.03680882975459099
0.0060049197636544704
-0.02830216847360134
0.01855967566370964
-0.07720299810171127
0.055012673139572144
0.00922555010765791
0.010738369077444077
-0.07551529258489609
-0.07792429625988007
0.0625763088464737
0.024413224309682846
0.2951977252960205
0.1259656548500061
-0.08770086616277695
0.036897554993629456
0.06624991446733475
0.0745236873626709
-0.06295725703239441
-0.034319814294576645
0.17428141832351685
0.12061849981546402
-0.032248519361019135
0.17746853828430176
0.4372442066669464
-0.2974610924720764
0.08804544806480408
0.03194435313344002
0.1378576010465622
-0.11567244678735733
-0.05364528298377991
-0.008041229099035263
-0.16336829960346222
0.2165534943342209
-0.06875712424516678
0.4518500566482544
0.018441442400217056
0.019832491874694824
-0.1815030574798584
0.11175669729709625
0.582438588142395
-0.3141059875488281
-0.024731099605560303
0.03707289323210716
0.18624423444271088
-0.12441293895244598
-0.027859851717948914
0.030611664056777954
0.027155591174960136
0.06653796136379242
-0.07040619105100632
0.33430764079093933
0.003474046476185322
0.06979939341545105
0.09627220779657364
0.7089127898216248
0.13917751610279083
-0.31478896737098694
-0.13430233299732208
-0.04032114893198013
-0.1221257895231247
-0.002322298940271139
-0.014335530810058117
0.04977530613541603
0.0384204275906086
0.028704436495900154
-0.04347852244973183
-0.10490145534276962
0.006194818299263716
0.020736269652843475
0.07574933767318726
0.05362691730260849
0.4161263108253479
0.1574975550174713
-0.013809374533593655
-0.10940226912498474
0.009339665062725544
-0.10491013526916504
-0.2133742868900299
-0.038830023258924484
0.14459958672523499
-0.05591076985001564
0.017265528440475464
-0.04022349417209625
-0.042251527309417725
0.0168735533952713
-0.057430945336818695
0.8414769172668457
0.6676047444343567
-0.12154098600149155
-0.18660768866539001
-0.0157487690448761
0.341586709022522
-0.08582045882940292
-0.015626665204763412
-0.010519600473344326
0.26456132531166077
0.02475874498486519
0.010941045358777046
-0.02335398830473423
0.03349386900663376
0.047628194093704224
0.16184528172016144
0.7668703198432922
-0.029758423566818237
-0.11443646252155304
-0.02740625850856304
-0.04828674718737602
-0.1298530101776123
-0.013461136259138584
0.04636504128575325
-0.02811356820166111
-0.2905650734901428
0.06765808910131454
0.011575696058571339
-0.06538394093513489
-0.0328105166554451
0.08707036077976227
-0.10688093304634094
-0.03804584592580795
0.3994627892971039
0.09946522116661072
-0.044337671250104904
0.06782460957765579
0.9025669693946838
-0.22591201961040497
0.15954360365867615
0.06519765406847
0.35444968938827515
-0.1306503415107727
-0.09078886359930038
0.0011654268018901348
0.07748862355947495
-0.004077217075973749
-0.01624889485538006
0.5457981824874878
0.27707433700561523
0.2552188038825989
0.3076082468032837
-0.031421512365341187
0.9613644480705261
0.15549780428409576
0.028631815686821938
-0.03195426985621452
-0.020052213221788406
0.2773774266242981
0.569490373134613
0.02126002497971058
0.11090710759162903
0.1731434017419815
0.1396518051624298
0.16729378700256348
0.34746965765953064
0.23200951516628265
-0.034404207020998
0.30027541518211365
0.026617756113409996
0.24933673441410065
-0.03256184235215187
0.04723735153675079
-0.009824913926422596
-0.03146718069911003
-0.00014529314648825675
0.38815176486968994
0.04781312867999077
0.01966223493218422
-0.2019575834274292
0.04338229447603226
-0.3779800236225128
-0.0007499514613300562
-0.023207107558846474
0.024801557883620262
0.09865335375070572
0.21662172675132751
0.04075375199317932
0.009636799804866314
-0.004966508597135544
0.06113915145397186
-0.1824396252632141
-0.038058921694755554
-0.009255805984139442
0.030209507793188095
0.18428531289100647
0.1382896900177002
0.22969919443130493
0.08857504278421402
-0.001207033870741725
0.013289326801896095
0.28446507453918457
-0.03812616318464279
-0.013634997420012951
0.15076208114624023
-0.056690409779548645
0.08994799107313156
-0.42588093876838684
0.02929346263408661
0.08379712700843811
0.03906843811273575
-0.09872911870479584
-0.007250402122735977
0.388069212436676
-0.27232539653778076
-0.04345736280083656
0.017268110066652298
0.4346524477005005
-0.12269055098295212
0.19157956540584564
0.06651969254016876
-0.0032745632342994213
-0.10606461018323898
0.01901593990623951
0.13049137592315674
0.028254050761461258
0.03902871161699295
0.20486366748809814
0.15941880643367767
0.4819812774658203
-0.010533464141190052
-0.030893860384821892
-0.04642024636268616
0.19136358797550201
0.13370700180530548
-0.03361533582210541
0.03425230458378792
0.04136144369840622
0.061550918966531754
0.020286481827497482
-0.23210304975509644
0.0017387642292305827
-0.01603177934885025
0.1948663890361786
0.03651805967092514
-0.3248741924762726
-0.12641461193561554
0.008231068961322308
-0.015068834647536278
-0.1809970885515213
-0.01085340604186058
-0.06272736191749573
0.015758942812681198
-0.05197887867689133
0.09966433048248291
-0.25964799523353577
0.01959938555955887
0.021891359239816666
0.14424358308315277
-0.15968620777130127
-0.04498559609055519
0.1427750438451767
0.1248483657836914
0.09529485553503036
0.0433182492852211
0.5971552133560181
0.22221793234348297
-0.2216605246067047
-0.06776472926139832
0.19183173775672913
0.3510596752166748
-0.3623868227005005
0.01735648885369301
0.14434880018234253
0.03965000808238983
0.12011850625276566
-0.12468155473470688
0.5099143981933594
0.25443604588508606
-0.06571303308010101
-0.06068271026015282
0.5219237208366394
0.15781602263450623
-0.029792729765176773
-0.0057367850095033646
0.23194332420825958
0.350467324256897
-0.04787472262978554
0.05514843016862869
0.11109229922294617
-0.015883389860391617
-0.024723393842577934
0.09969696402549744
0.7682800889015198
-0.09107774496078491
0.012939788401126862
0.02427845634520054
0.5864043235778809
0.375787615776062
-0.08058343082666397
0.03551375865936279
0.3351227343082428
0.19121523201465607
0.29227033257484436
-0.23974037170410156
0.1500144749879837
0.21819357573986053
0.42632895708084106
0.051882870495319366
-0.0796002522110939
0.008244331926107407
0.06454247981309891
0.05941203981637955
0.0009637079201638699
-0.02377537451684475
-0.08086412400007248
0.08018110692501068
0.05879195034503937
-0.008091715164482594
-0.04753980413079262
-0.07161227613687515
0.06237305328249931
-0.03792271763086319
0.007277120836079121
-0.027949204668402672
-0.03964512422680855
-0.036186810582876205
0.027038374915719032
0.028858110308647156
-0.1180940642952919
-0.07274505496025085
-0.024020284414291382
-0.12464118003845215
0.05515865609049797
0.007770116440951824
0.0706482082605362
0.05043826997280121
-0.08875169605016708
0.005995511543005705
-0.06424258649349213
-0.01777607388794422
0.6762816309928894
0.003211553441360593
-0.1074761152267456
-0.0168731939047575
0.18312789499759674
0.19445006549358368
-0.12392358481884003
0.05518236383795738
0.27644628286361694
0.017395859584212303
0.03737027943134308
-0.17458820343017578
-0.02424168400466442
0.0734129324555397
0.15973259508609772
0.857300877571106
0.1608174592256546
-0.059731367975473404
-0.05016709491610527
-0.022503184154629707
0.042127612978219986
-0.0255446694791317
-0.004507231060415506
0.0062438370659947395
0.04363812878727913
-0.03460502624511719
-0.4172038435935974
-0.04844837263226509
-0.0029219407588243484
0.14778205752372742
0.07413902133703232
0.3587237596511841
0.9535478949546814
0.2828523516654968
0.29408228397369385
0.014650929719209671
0.6080771088600159
0.2939867675304413
-0.09478521347045898
-0.06457395106554031
0.42931902408599854
0.29769134521484375
0.3421095609664917
-0.050010256469249725
0.17333465814590454
0.14181286096572876
-0.1548078954219818
0.11250731348991394
-0.07803802192211151
-0.2703562080860138
-0.122930146753788
-0.04734988138079643
-0.02651902474462986
0.219499871134758
0.13041426241397858
-0.030383167788386345
-0.006356872618198395
-0.01342028472572565
-0.0594150573015213
-0.18359310925006866
-0.013597085140645504
0.022871803492307663
0.5327683091163635
0.08147838711738586
0.18654415011405945
-0.11511940509080887
-0.06581979990005493
0.14413981139659882
0.2319064736366272
0.07765067368745804
-0.13584934175014496
0.05821598693728447
0.17191852629184723
-0.07470110803842545
-0.34078848361968994
0.21689359843730927
-0.022215519100427628
0.10020352154970169
-0.10412343591451645
0.5087695717811584
-0.060808610171079636
0.024040812626481056
0.03163478523492813
-0.01632964238524437
0.2253992110490799
-0.2237098067998886
0.25175395607948303
0.020381204783916473
0.23416590690612793
-0.07788413017988205
0.055307790637016296
0.0032177544198930264
0.12462399899959564
-0.007103618234395981
0.4077019691467285
-0.009223115630447865
0.1313033252954483
-0.04623868688941002
-0.043679963797330856
-0.005285711493343115
-0.004500670824199915
-0.1325352042913437
0.33665311336517334
-0.03810887411236763
0.022900011390447617
0.16262561082839966
0.020804421976208687
-0.06600354611873627
-0.0073841167613863945
0.006684263702481985
0.058169834315776825
0.013036217540502548
0.22503551840782166
-0.32469984889030457
-0.11185134947299957
-0.036807481199502945
0.19165079295635223
-0.023232633247971535
-0.08590621501207352
-0.15090477466583252
0.20757773518562317
-0.09369915723800659
-0.5545952320098877
-0.38353830575942993
0.13847921788692474
0.15103383362293243
-0.15659655630588531
0.10749811679124832
0.6843737959861755
0.05630257725715637
0.0022497850004583597
-0.003601547796279192
0.2872563898563385
0.04717617481946945
-0.18167166411876678
0.06016837805509567
0.5216450691223145
0.34563884139060974
-0.12657344341278076
-0.36409512162208557
0.04103844612836838
0.042062241584062576
0.13644297420978546
0.18714959919452667
0.029842093586921692
0.0023116287775337696
-0.016723914071917534
0.10857988148927689
-0.05857974663376808
-0.018873922526836395
0.0414259135723114
0.018138421699404716
-0.022900674492120743
-0.0359392985701561
0.0653863325715065
0.014101237989962101
0.0046966602094471455
0.047116536647081375
-0.0018661932554095984
0.08852613717317581
0.33705076575279236
0.11779887229204178
0.024106917902827263
0.06511903554201126
0.4518771767616272
0.15949606895446777
-0.0515839122235775
0.261959969997406
0.41307565569877625
0.13180258870124817
-0.11644993722438812
-0.033944059163331985
0.2269439548254013
0.11060195416212082
-0.24252162873744965
0.6053826808929443
-0.09989690035581589
-0.006663403939455748
0.029936213046312332
0.005324169527739286
-0.017914332449436188
0.023335663601756096
0.002206777920946479
0.021746570244431496
0.10604780167341232
-0.027430158108472824
-0.03324439749121666
-0.0471821054816246
0.10029139369726181
-0.003997132647782564
0.09428703784942627
0.028904052451252937
-0.05161917582154274
0.06863122433423996
-0.05936042591929436
-0.016895487904548645
0.32064613699913025
0.11868804693222046
-0.0712546706199646
0.04045485332608223
0.16719737648963928
0.3513104319572449
-0.32275813817977905
-0.022976577281951904
0.0983971580862999
0.006755564361810684
-0.10898623615503311
0.13688325881958008
0.290375292301178
-0.31184351444244385
0.015102355740964413
-0.04542526602745056
0.3172854781150818
0.0030224050860852003
-0.1588369458913803
0.016525842249393463
0.1243695467710495
0.20805232226848602
-0.04191397875547409
0.2476014792919159
-0.015150207094848156
0.06365639716386795
-0.4090655744075775
0.18506506085395813
0.7084704637527466
-0.20012809336185455
-0.1143256351351738
-0.022247878834605217
0.19948866963386536
0.10978501290082932
-0.02467837929725647
0.014634434133768082
0.05574106052517891
0.028267502784729004
-0.029397783800959587
0.24694456160068512
-0.0012602682691067457
-0.020737452432513237
0.03980446606874466
0.7870675325393677
0.17065393924713135
-0.2839188575744629
-0.13354505598545074
-0.0736677348613739
0.01692751608788967
0.0392225943505764
-0.002792415674775839
0.019488295540213585
0.03263958543539047
0.008867009542882442
-0.1108228787779808
-0.24631258845329285
-0.009834262542426586
-0.0008212687680497766
0.0487818643450737
0.03497234731912613
0.37949004769325256
0.032953426241874695
-0.16928644478321075
-0.0021210198756307364
0.1924862116575241
0.24009621143341064
-0.14749550819396973
-0.04974357411265373
0.2860505282878876
0.05431465432047844
0.04004675894975662
-0.2143319845199585
0.012525609694421291
0.022028274834156036
-0.12863817811012268
0.9216300249099731
0.6549736261367798
-0.06630899012088776
-0.12129491567611694
0.13143666088581085
0.33145490288734436
-0.024776916950941086
-0.11213749647140503
-0.010166328400373459
0.22503338754177094
0.09184131771326065
-0.05612507462501526
-0.04303784295916557
0.024079279974102974
-0.11929970234632492
0.10492656379938126
0.7706539034843445
-0.034574802964925766
-0.0066571226343512535
-0.03332791477441788
0.03951765224337578
-0.15341021120548248
-0.05091068521142006
-0.026910938322544098
0.01570524461567402
-0.19856776297092438
0.08083418011665344
-0.08345215767621994
0.051234934478998184
0.07714711874723434
0.0435468927025795
-0.22361725568771362
-0.010015632025897503
0.3622128963470459
0.0430012047290802
0.08129726350307465
-0.025301901623606682
0.8929278254508972
-0.29795902967453003
0.0901629775762558
-0.02510078251361847
0.37610918283462524
0.10835620760917664
-0.08748657256364822
-0.055779773741960526
-0.0063147591426968575
0.0025104025844484568
0.010164228267967701
0.5260430574417114
-0.3835183382034302
-0.4722844362258911
-0.061026256531476974
-0.006759061012417078
-1.3811805248260498
-0.3526507616043091
-0.19415734708309174
0.08542189002037048
-0.1823575794696808
-0.281358003616333
-0.9531731605529785
0.02261100895702839
-0.04677121341228485
-0.2039998471736908
-0.1801738291978836
-0.9122516512870789
-0.8320937752723694
-0.27231913805007935
0.03463702276349068
-0.17265470325946808
-0.1911679059267044
-0.17865781486034393
-0.06414767354726791
-0.06844328343868256
-0.06615947186946869
-0.04303712397813797
0.04093179851770401
-0.7529169321060181
-0.04765378311276436
0.004463729448616505
-0.25105252861976624
-0.16547870635986328
-0.14543665945529938
-0.02381948009133339
-0.03967856988310814
0.0819118544459343
0.05212375894188881
-0.03895382955670357
0.04089744761586189
0.025347167626023293
-0.013910781592130661
-0.006256107706576586
-0.1479620635509491
-0.11652567982673645
0.004652228206396103
-0.12294857203960419
-0.1584598273038864
-0.02711186371743679
-0.683548629283905
-0.18604335188865662
-0.07814385741949081
-0.0034825867041945457
-1.0016669034957886
-0.2060118168592453
-0.06413540244102478
-0.000906134198885411
-0.04214414954185486
-0.06639978289604187
-0.08824551850557327
0.02470000647008419
-0.10129518061876297
-0.18473410606384277
-0.2942546308040619
-0.8197542428970337
-1.103350043296814
0.05128268152475357
-0.2876001000404358
0.05710919201374054
-0.50342857837677
-0.024035396054387093
-0.17819371819496155
0.08034570515155792
-0.12238278239965439
-0.031653281301259995
-0.024453293532133102
-0.6707012057304382
-0.037583403289318085
-0.03296247124671936
-0.5857434868812561
-0.09841949492692947
-0.9826089143753052
-0.2317381203174591
-0.059599392116069794
-0.018645405769348145
-0.11558087170124054
-0.049596384167671204
-0.08925472944974899
0.04682179167866707
-0.15878617763519287
-0.038255803287029266
-0.024839038029313087
-0.40250256657600403
-0.015506410039961338
0.03762554004788399
-0.16742123663425446
-0.010433041490614414
-0.02696424350142479
0.011017680168151855
-0.07344098389148712
0.04802875593304634
0.014134278520941734
-0.12475594133138657
0.018976083025336266
0.026794465258717537
0.04420745372772217
-0.006261265836656094
-0.137233704328537
-0.032517723739147186
0.015072585083544254
-0.11025605350732803
-0.1312447339296341
-0.023861413821578026
-0.4157904386520386
-0.13691090047359467
0.05509660392999649
-0.044443752616643906
-1.1441959142684937
-0.39290618896484375
-0.05359966680407524
-0.03234313800930977
-0.21463574469089508
-0.26772642135620117
0.0324384905397892
0.021906085312366486
-0.1563461720943451
-0.166694775223732
-0.11836361885070801
-0.7199486494064331
-0.297161728143692
-0.11520431935787201
-0.052458908408880234
0.04655444994568825
-1.0295201539993286
-0.1758744716644287
-0.041438791900873184
0.03903108090162277
-0.1629210263490677
-0.23006421327590942
-0.03299511596560478
0.024008890613913536
-0.02096944861114025
-0.07832600921392441
0.032519519329071045
-0.7960923314094543
-1.1041444540023804
-0.22385846078395844
-0.2789923846721649
0.0027153072878718376
-1.1079412698745728
-0.34346139430999756
-0.18959331512451172
0.020908275619149208
-0.39465567469596863
-0.18825243413448334
-0.8222211003303528
-0.39175450801849365
-0.1310151368379593
-0.12785901129245758
-0.6951314806938171
-0.935657799243927
-0.008583816699683666
-0.07618869096040726
-0.030835555866360664
-0.021381819620728493
-0.0675574541091919
0.07671099156141281
0.0369538739323616
0.013784956187009811
0.022118302062153816
-0.0043623908422887325
-0.062498338520526886
-0.02133367396891117
0.026370037347078323
-0.008093509823083878
0.02207639440894127
0.11742758750915527
-0.05197397619485855
0.021994369104504585
0.04006558656692505
0.021157359704375267
-0.04031834751367569
-0.029000045731663704
0.08399685472249985
0.047957055270671844
-0.027423933148384094
0.022269615903496742
0.016853993758559227
0.08789423108100891
0.05119254067540169
0.013538822531700134
-0.14473451673984528
0.032284852117300034
-1.3341152667999268
-0.3327445387840271
-0.22969822585582733
0.020270731300115585
-0.10165037214756012
-0.19634799659252167
0.00900813564658165
0.03422123193740845
-0.1594473123550415
-0.11207123845815659
0.05842359736561775
-0.7183046340942383
-0.04697233438491821
0.035082995891571045
-0.3246862292289734
-0.7033277750015259
-0.1383296400308609
-0.001468014088459313
0.019620195031166077
-0.0557490736246109
-0.012984282337129116
0.014457051642239094
-0.031007640063762665
0.0008986982284113765
0.019328199326992035
0.0492812879383564
-0.2570956349372864
-0.027096819132566452
-0.023915860801935196
-0.17571009695529938
-0.19184201955795288
-0.2869392931461334
-1.3804903030395508
-0.4105958938598633
-0.36259016394615173
-0.05296586453914642
-0.9619686603546143
-0.3748024106025696
-0.26071321964263916
0.060810647904872894
-0.33018988370895386
-0.14680680632591248
-1.0636789798736572
-0.7363792061805725
-0.13682977855205536
-0.21223664283752441
-0.40706953406333923
-1.110166311264038
-0.5214203596115112
-0.043028708547353745
-0.018462004140019417
-0.03537596017122269
-0.002445249818265438
-0.38922566175460815
-0.1790754199028015
0.05800091102719307
-0.02005993016064167
-0.042994581162929535
-0.026270626112818718
-0.18815657496452332
-0.015422651544213295
0.016076236963272095
-0.8158684968948364
-0.10740717500448227
-0.9246765375137329
-0.14488770067691803
-0.16455739736557007
-0.025166168808937073
-0.34380313754081726
-0.06088918820023537
0.02431807853281498
-0.02786019816994667
-0.17617304623126984
-0.040669798851013184
-0.1362776905298233
-0.8202757835388184
0.006161140743643045
-0.03443898260593414
-0.23594781756401062
-0.6051876544952393
-0.005742170382291079
0.07097177952528
0.028190532699227333
-0.04265184700489044
-0.33369672298431396
0.05137481912970543
-0.1963397115468979
0.04561324045062065
-0.18968668580055237
0.09134121239185333
0.15105986595153809
-0.045022137463092804
-0.11378614604473114
0.02859318070113659
-0.8154976963996887
-0.013446428813040257
-0.015237250365316868
-0.11574481427669525
-0.0229172483086586
0.017533136531710625
-0.02807103469967842
-0.026047514751553535
-0.060663845390081406
-0.03199278190732002
-0.06195954233407974
-0.05898739770054817
0.0023721803445369005
0.050134796649217606
-0.01622922532260418
0.010115226730704308
-0.5892894864082336
-0.061544355005025864
-0.5533927083015442
-0.023839598521590233
-0.08418342471122742
0.03554176166653633
-0.24817584455013275
0.017122933641076088
0.09179764240980148
0.05746195465326309
-0.09882792085409164
-0.13347658514976501
0.0873464047908783
-0.15280745923519135
-0.021154804155230522
-0.12335236370563507
-0.4776912033557892
-0.2530207335948944
-1.3386403322219849
-0.2830032706260681
-0.23806294798851013
0.14783459901809692
-0.6524907350540161
-0.10533412545919418
-0.028126731514930725
0.009552235715091228
-0.19681811332702637
-0.2456144541501999
-0.05301203951239586
-0.6892766952514648
-0.006550821475684643
0.02843475714325905
-0.30977699160575867
-0.830595076084137
-0.00720091862604022
0.04734840616583824
0.007355468347668648
0.03193213418126106
0.0661129280924797
-0.0626947432756424
0.050737760961055756
-0.03739058971405029
0.016141464933753014
-0.03294859454035759
-0.02256389521062374
-0.08516626805067062
0.06196100637316704
0.0157220009714365
-0.04349595680832863
0.03435681015253067
-0.22717878222465515
-0.16119994223117828
-0.06158771365880966
0.0436418242752552
-1.2110538482666016
-0.35146671533584595
-0.41393765807151794
-0.22034962475299835
-0.3356999158859253
-0.1003352478146553
0.03388383612036705
-0.037560734897851944
-0.16639108955860138
-0.08796537667512894
-0.0871182456612587
-1.158700704574585
-0.006438305601477623
-0.04272353649139404
0.07010268419981003
-0.0629291981458664
-0.03765976056456566
-0.02710246667265892
0.08362040668725967
-0.03983646258711815
-0.037274520844221115
0.05051465705037117
-0.08366012573242188
-0.005799058359116316
0.011368947103619576
0.02246151678264141
-0.08087031543254852
0.010785341262817383
-0.023977521806955338
-0.02497085928916931
-0.021979140117764473
-0.010423526167869568
-0.8512563705444336
-0.4024542272090912
-0.10198866575956345
-0.1943606287240982
-0.2578682601451874
-0.13723376393318176
-0.03788533806800842
0.010550035163760185
-0.10393830388784409
-0.1596575379371643
-0.011803447268903255
-0.498490571975708
-1.0008760690689087
-0.128704234957695
-0.34775859117507935
0.015685854479670525
-0.24012862145900726
0.08413989841938019
-0.020001281052827835
0.031713079661130905
-0.11551249772310257
-0.19501344859600067
-0.007927264086902142
-0.8153716325759888
0.019346795976161957
-0.035994984209537506
-0.30925890803337097
-0.161467507481575
-1.0517430305480957
-0.019331427291035652
-0.16931769251823425
-0.012390605174005032
-0.07951264083385468
-0.07766693085432053
0.010826840996742249
-0.05729306861758232
-0.0961231216788292
-0.02348216623067856
0.006399070844054222
-0.6959711909294128
-0.0004887289251200855
0.0053364732302725315
-0.1811206042766571
-0.5472409725189209
-0.5142055749893188
0.029046090319752693
-0.0031522430945187807
0.05970112606883049
-0.0919656828045845
-0.0700351670384407
0.0030596936121582985
-0.06450571119785309
0.01742519438266754
0.029398543760180473
-0.09804338961839676
-0.1400536745786667
-0.023421969264745712
-0.029542306438088417
-0.07959369570016861
-0.09606610238552094
-1.3420830965042114
-0.3587961494922638
-0.2726529836654663
0.10654100030660629
-0.18630120158195496
-0.13096481561660767
0.10678663104772568
0.0014381607761606574
-0.20254315435886383
-0.10001101344823837
0.010735194198787212
-0.7322098016738892
-0.002075278665870428
0.01530380081385374
-0.7495377063751221
-0.6702107787132263
-1.2734438180923462
-0.31692203879356384
-0.04071437940001488
-0.10090399533510208
-0.27838626503944397
-0.007815752178430557
0.07559629529714584
-0.034303754568099976
-0.14196909964084625
-0.026868220418691635
-0.021963227540254593
-0.7421815395355225
-0.054673127830028534
-0.027732277289032936
-0.2540077567100525
-0.6058356761932373
-0.03649906441569328
-0.058911457657814026
-0.027306586503982544
-0.007879902608692646
-0.006503561977297068
-0.055515799671411514
-0.051212381571531296
-0.04083438962697983
-0.06597815454006195
-0.040636125952005386
-0.2016839236021042
0.02787141315639019
-0.041105352342128754
-0.12504056096076965
-0.1710013747215271
0.0009560880716890097
-0.35972678661346436
-0.05253342166543007
0.09116631746292114
-0.11608957499265671
-1.1077810525894165
-0.10214218497276306
-0.35719573497772217
-0.1188470721244812
-0.19641810655593872
-0.08807357400655746
0.10168999433517456
0.03811642900109291
-0.04290791228413582
0.04572329297661781
0.03760702908039093
-1.0865000486373901
0.35697275400161743
0.27844658493995667
0.20851528644561768
0.01316457986831665
0.8383398056030273
0.34969648718833923
-0.04354766011238098
-0.04118170216679573
0.026045802980661392
0.2915581166744232
0.5090293884277344
0.09429316222667694
0.08007977157831192
0.1806516945362091
0.08941478282213211
0.1855114996433258
0.39414727687835693
0.29013392329216003
-0.11229021847248077
0.2406749278306961
0.057832974940538406
0.17310336232185364
-0.03464718163013458
0.02011793665587902
0.03530989587306976
-0.07805291563272476
0.10177265852689743
0.396399587392807
-0.10524290055036545
0.07731715589761734
-0.004111811984330416
0.11396510154008865
-0.15004292130470276
-0.09152575582265854
0.05145914480090141
0.04903548210859299
-0.03486437350511551
0.05915532261133194
-0.01558330561965704
-0.04475376382470131
0.037028923630714417
-0.0638175904750824
-0.035335659980773926
-0.00777759775519371
0.0454903207719326
0.06983952224254608
0.159306138753891
0.16871574521064758
0.5346515774726868
-0.014837917871773243
0.09488414227962494
-0.04595141112804413
0.24673600494861603
-0.010726528242230415
-0.08337662369012833
0.054864026606082916
-0.13202881813049316
-0.0010879816254600883
-0.24295495450496674
-0.06622140854597092
0.13256892561912537
0.11190705001354218
0.05613810569047928
0.037772901356220245
0.3711632788181305
-0.0014860942028462887
0.0066170357167720795
-0.09687426686286926
0.33738288283348083
-0.1642923206090927
0.13078370690345764
-0.010777738876640797
-0.0706116333603859
-0.04334862902760506
0.043018240481615067
0.1629476100206375
0.12153375893831253
0.0023296885192394257
0.27237194776535034
0.19850796461105347
0.4435897171497345
0.11873067915439606
-0.14216184616088867
-0.08896542340517044
0.10410541296005249
0.0742809996008873
-0.011185535229742527
-0.02609572932124138
0.04072737693786621
0.12088035047054291
0.07520760595798492
0.0021980986930429935
0.012817970477044582
-0.032518479973077774
0.21722769737243652
0.034794554114341736
-0.10269036889076233
-0.1658850461244583
-0.025316940620541573
0.0437408909201622
-0.09358792006969452
0.0728921890258789
-0.03234568610787392
-0.025317726656794548
-0.0451013445854187
0.04758407548069954
0.07004782557487488
0.0710129514336586
0.008019798435270786
0.0936659723520279
-0.1639823466539383
0.0487869568169117
0.3023580014705658
0.21122388541698456
0.04019228741526604
-0.0630086287856102
0.6638126373291016
0.42097508907318115
-0.1517835557460785
-0.07462970912456512
0.08641085028648376
0.16897694766521454
-0.0742167979478836
0.057535018771886826
0.1479749232530594
0.12568862736225128
0.10639260709285736
-0.1891898512840271
0.4883481562137604
0.19965842366218567
0.01763385348021984
0.01897711120545864
0.5090075135231018
0.26389527320861816
-0.09175900369882584
-0.05832903832197189
0.1969860941171646
0.243390753865242
-0.031652871519327164
0.005222114268690348
0.07315034419298172
-0.017627472057938576
-0.012255003675818443
0.266484797000885
0.710172712802887
0.10199131071567535
-0.017642291262745857
-0.00813074316829443
0.7080600261688232
0.23945164680480957
-0.06392630189657211
0.0200349073857069
0.31917425990104675
0.11922402679920197
0.4355159103870392
-0.1063842698931694
0.19824568927288055
0.17812149226665497
0.6098688244819641
0.010257179848849773
0.002028766553848982
0.017349092289805412
-0.03165418282151222
-0.02897920086979866
-0.04024170711636543
-0.05593007802963257
-0.019745714962482452
-0.051269255578517914
-0.0024745578411966562
-0.041299715638160706
-0.00923733226954937
-0.0286796186119318
0.06507262587547302
0.02114728093147278
-0.0722612589597702
-0.08604927361011505
0.054967790842056274
-0.09763575345277786
-0.04985133931040764
-0.09902333468198776
-0.0011146952165290713
-0.03445804491639137
-0.09259478002786636
-0.026419656351208687
-0.05247840657830238
0.07837087661027908
0.04294528067111969
-0.054670706391334534
-0.01007087528705597
-0.009761281311511993
-0.0027081083972007036
-0.10575202852487564
0.7842024564743042
0.18093053996562958
-0.08659902215003967
-0.05316850170493126
0.13790619373321533
0.1619272381067276
-0.10521741211414337
0.03890859708189964
0.21485348045825958
0.11150046437978745
0.07552049309015274
-0.09024558216333389
0.01771274395287037
0.07815509289503098
0.31865355372428894
0.8168608546257019
0.15966103971004486
0.018713152036070824
0.03748417645692825
0.01617099530994892
0.02160697802901268
-0.1020340695977211
0.018582656979560852
0.025901587679982185
-0.027950646355748177
0.027622200548648834
-0.08586660772562027
0.029193701222538948
-0.034423038363456726
0.1878277063369751
0.14887244999408722
0.2977066934108734
0.8683840036392212
0.2791813910007477
0.22350727021694183
-0.1184166967868805
0.5777437090873718
0.38748010993003845
-0.0478287935256958
-0.08952642232179642
0.35010695457458496
0.2372240424156189
0.4368845820426941
-0.040253616869449615
0.3114554286003113
0.09454106539487839
0.194874569773674
0.29953253269195557
-0.12990905344486237
0.042913950979709625
-0.07938162237405777
0.02956162393093109
0.06808742135763168
0.2027982473373413
0.19377461075782776
-0.02569051831960678
0.002138783223927021
0.0258284080773592
-0.019649511203169823
0.1072152853012085
-0.04923098906874657
0.01145206205546856
0.5440593361854553
0.12910044193267822
0.1820899248123169
-0.0506916381418705
-0.09774920344352722
0.1469767689704895
0.15859822928905487
0.08182266354560852
-0.09431346505880356
0.002122407779097557
0.07640454918146133
-0.01210641860961914
-0.15512657165527344
0.27718278765678406
-0.03364972025156021
0.06811118870973587
-0.09630672633647919
0.495222270488739
-0.03631838038563728
-0.042674120515584946
-0.049943167716264725
-0.06206102669239044
0.1444229930639267
-0.1953658163547516
0.18167898058891296
-0.021995870396494865
0.23981063067913055
0.014868684113025665
0.054574619978666306
-0.050870079547166824
0.06638117879629135
0.022120770066976547
0.3933313488960266
0.0740630105137825
0.16667360067367554
-0.038629207760095596
-0.09678913652896881
-0.054416853934526443
0.03595884144306183
-0.0951446071267128
0.26270243525505066
0.018081335350871086
0.09286028891801834
0.03352619335055351
0.02284960076212883
0.06819411367177963
-0.007300278637558222
0.010269160382449627
0.1767105758190155
0.01614557020366192
0.36755672097206116
-0.16863183677196503
-0.06556941568851471
0.08514378219842911
0.13596375286579132
-0.16972045600414276
-0.05372566729784012
-0.011495198123157024
0.24060918390750885
-0.07377196103334427
-0.49967023730278015
-0.11048388481140137
-0.004743761848658323
0.1282212883234024
-0.08691554516553879
0.2484097182750702
0.6712262630462646
0.2030314803123474
-0.12406081706285477
-0.07358364015817642
0.3444828987121582
-0.03275684267282486
-0.22559340298175812
-0.03825078532099724
0.4404478967189789
0.24307727813720703
-0.06390893459320068
-0.2152172476053238
0.08573074638843536
0.007125018630176783
0.26685285568237305
0.31769242882728577
-0.0881943330168724
0.0037141181528568268
-0.05169054493308067
-0.012596371583640575
-0.05501757934689522
0.022198494523763657
-0.020406197756528854
0.007313261274248362
0.0034416145645081997
-0.046490781009197235
-0.03943057730793953
0.1106567457318306
0.05220436677336693
0.046332746744155884
0.016912171617150307
0.049292609095573425
0.2987064719200134
0.23842771351337433
0.10029194504022598
-0.11947432160377502
0.5457402467727661
0.40416112542152405
0.14065928757190704
0.19441407918930054
0.42563214898109436
0.17748640477657318
-0.10653036087751389
-0.011484178714454174
0.31198379397392273
0.09212853759527206
-0.056777771562337875
0.5824878215789795
0.08491110801696777
0.036751579493284225
-0.007686779834330082
-0.014561859890818596
-0.043626200407743454
0.039669219404459
-0.004562159068882465
-0.03589976206421852
0.05445403978228569
0.02559705264866352
-0.009334665723145008
-0.04265177622437477
0.01375777181237936
0.06422215700149536
-0.005734370555728674
0.002240909729152918
-0.16543926298618317
-0.07428663223981857
0.032455671578645706
-0.002173534594476223
0.43636342883110046
0.2795502543449402
-0.04516807198524475
0.05652879551053047
0.05733288824558258
0.2184392511844635
-0.0989326536655426
0.016583211719989777
0.15721145272254944
0.08637567609548569
-0.02045455574989319
0.08107190579175949
0.4358532130718231
0.03076736256480217
0.05231208726763725
0.0005761260399594903
0.23264065384864807
-0.08569782972335815
-0.037908054888248444
-0.010570397600531578
0.07461794465780258
0.12383626401424408
-0.04570452496409416
0.4800000786781311
-0.0583825558423996
0.046631451696157455
-0.02904362976551056
0.17048923671245575
0.6499336957931519
0.0018104410264641047
-0.12089355289936066
0.0005095030064694583
0.17988309264183044
-0.0386531837284565
-0.039186060428619385
0.06789043545722961
0.03679051622748375
0.06197592616081238
0.04006766155362129
0.3504582941532135
0.014185283333063126
0.07951383292675018
0.2352556735277176
0.6844374537467957
0.09985239058732986
-0.14143560826778412
-0.12086115032434464
-0.05335712805390358
-0.037751272320747375
0.02588210068643093
0.043640173971652985
-0.07348378002643585
0.021136663854122162
0.000834850303363055
0.0014417157508432865
0.024740302935242653
-0.002888426883146167
0.0011106893653050065
0.06165766343474388
0.036725375801324844
0.4158785939216614
0.22872424125671387
-0.026765815913677216
0.027582267299294472
0.18108783662319183
0.17726750671863556
-0.08388890326023102
0.01840529963374138
0.37428733706474304
-0.01776149496436119
0.04162421450018883
-0.09159862995147705
0.04302595183253288
0.0837206020951271
0.034706879407167435
0.8860951662063599
0.630243718624115
0.14313872158527374
-0.10869353264570236
-0.02343839220702648
0.392164409160614
-0.06508880108594894
-0.16104014217853546
0.10713329166173935
0.24146617949008942
0.05896061286330223
0.07218749821186066
-0.009651723317801952
-0.021502187475562096
0.015206053853034973
0.2983994781970978
0.6766691207885742
0.10340151935815811
-0.11141527444124222
-0.05158328264951706
0.004983356222510338
-0.053047794848680496
-0.10096598416566849
0.012979740276932716
-0.06256743520498276
-0.15362252295017242
0.009226113557815552
0.14932124316692352
0.05773620679974556
-0.04237721115350723
0.13190850615501404
-0.06417211890220642
0.02503230981528759
0.3786831796169281
0.03557046502828598
-0.04616570845246315
0.050954222679138184
0.8911327123641968
-0.08762181550264359
0.17318779230117798
0.015105635859072208
0.39673909544944763
-0.034563444554805756
-0.023550119251012802
-0.03905320167541504
0.05484843626618385
-0.0707550123333931
-0.028113385662436485
0.7024084329605103
-0.5520800948143005
-0.5166729092597961
-0.24321678280830383
0.012582434341311455
-1.3677891492843628
-0.47018271684646606
-0.10621515661478043
-0.15025067329406738
-0.24469122290611267
-0.2813599705696106
-0.7469764351844788
0.009997223503887653
-0.10423488914966583
-0.1537637710571289
-0.2415846288204193
-0.6740119457244873
-0.80632483959198
-0.323878675699234
-0.09281280636787415
-0.27220141887664795
-0.1096479520201683
-0.13653530180454254
-0.016984278336167336
-0.029191289097070694
-0.018760401755571365
0.020074782893061638
0.013610401190817356
-0.5356426239013672
-0.061597008258104324
0.005628948099911213
-0.12783844769001007
-0.34050291776657104
0.01687522418797016
-0.0577278696000576
-0.07823647558689117
0.05178428813815117
-0.09739189594984055
0.015933750197291374
-0.032669659703969955
0.0351576991379261
-0.06329523772001266
-0.0398002564907074
0.020619768649339676
-0.032947614789009094
0.010852856561541557
-0.12357501685619354
-0.14126399159431458
-0.12547166645526886
-0.7408199906349182
-0.1972697675228119
0.002126844599843025
0.011900120414793491
-1.018248200416565
-0.20159809291362762
-0.12785184383392334
-0.0352042019367218
-0.13027289509773254
-0.13365843892097473
0.099627785384655
0.013079577125608921
-0.11826477199792862
-0.13621015846729279
-0.2013770043849945
-0.2836751341819763
-1.1486173868179321
-0.013098713010549545
-0.2736967206001282
0.04687589406967163
-0.5044839382171631
0.036956507712602615
-0.19860854744911194
0.05457223206758499
-0.06959268450737
-0.04776422679424286
-0.062054626643657684
-0.54010009765625
-0.008686359971761703
-0.04878083989024162
-0.4037734568119049
-0.22473560273647308
-1.0296345949172974
-0.2635020911693573
-0.07016459852457047
-0.031013378873467445
-0.08714090287685394
-0.10663087666034698
-0.04162505641579628
0.004506197292357683
-0.19177965819835663
-0.04741908609867096
-0.047576695680618286
-0.31304410099983215
0.045408573001623154
-0.00968196988105774
-0.1698807179927826
-0.06313405185937881
0.07033480703830719
-0.07288304716348648
-0.05286676436662674
0.014812464825809002
0.011978722177445889
-0.11899431049823761
0.007728881202638149
-0.00915833655744791
0.007661015726625919
-0.03438292443752289
-0.00282406248152256
0.04037189483642578
0.0241444930434227
-0.09165942668914795
0.04813161492347717
-0.0006280495435930789
-0.4110605716705322
-0.21300512552261353
-0.004084092564880848
-0.008452286943793297
-1.2351938486099243
-0.5444178581237793
0.002000032924115658
-0.05014059320092201
-0.17771117389202118
-0.3803310692310333
0.061901483684778214
-0.037136174738407135
-0.1976597160100937
-0.18446406722068787
-0.09308818727731705
-0.5655694603919983
-0.34259307384490967
-0.21112139523029327
-0.058156635612249374
0.06925847381353378
-1.1231893301010132
-0.2588827908039093
-0.04248872771859169
0.02890450693666935
-0.16134501993656158
-0.3941601514816284
-0.11474469304084778
0.004412056878209114
-0.0919085443019867
0.06760092079639435
0.012864724732935429
-0.512764573097229
-1.161018967628479
-0.2889252305030823
-0.30195868015289307
0.10263436287641525
-1.1714742183685303
-0.34223473072052
-0.22201360762119293
0.033787477761507034
-0.39720264077186584
-0.21669375896453857
-0.7103082537651062
-0.26621925830841064
-0.020363138988614082
-0.2145756036043167
-0.5810782313346863
-0.6485380530357361
-0.045783255249261856
0.0028526221867650747
0.03564860299229622
0.09982748329639435
0.11900407820940018
0.009993956424295902
-0.013638094067573547
0.04578353092074394
-0.04249764606356621
-0.010231511667370796
0.005146695300936699
0.033364590257406235
-0.0749795138835907
-0.06742142140865326
-0.01794152520596981
0.016332942992448807
-0.062349043786525726
0.01205582544207573
0.028359660878777504
0.011127220466732979
-0.015697984024882317
0.009656906127929688
0.048079002648591995
0.12278004735708237
-0.11123870313167572
-0.07759963721036911
0.07796135544776917
-0.004259079694747925
-0.048464540392160416
-0.06600948423147202
-0.04562658816576004
-0.008623436093330383
-1.4943357706069946
-0.4340861737728119
-0.12108028680086136
-0.0133106280118227
-0.2054591178894043
-0.2162504494190216
0.06712106615304947
-0.022409232333302498
-0.11290199309587479
-0.062063608318567276
-0.005510775372385979
-0.48463016748428345
0.015136826783418655
-0.1062314435839653
-0.28546231985092163
-0.539749026298523
-0.15328584611415863
0.07419061660766602
-0.019934946671128273
-0.03625890985131264
0.007498585153371096
0.04279119521379471
-0.023227088153362274
0.0038686906918883324
0.045827943831682205
0.0098497923463583
-0.147871196269989
0.064769446849823
0.05592380464076996
-0.06997258216142654
-0.22212636470794678
-0.2827013432979584
-1.3647711277008057
-0.43891263008117676
-0.32807648181915283
-0.054188866168260574
-1.1158709526062012
-0.3550347089767456
-0.28472381830215454
-0.023340417072176933
-0.28307607769966125
-0.26753711700439453
-0.7138556241989136
-0.22653828561306
-0.17929604649543762
-0.2384006530046463
-0.3633957505226135
-1.0148522853851318
-0.44383662939071655
0.008737740106880665
0.015989938750863075
-0.033036164939403534
0.08505338430404663
-0.40923285484313965
-0.08717233687639236
0.07118447870016098
-0.009849048219621181
-0.007952294312417507
-0.10596563667058945
-0.10309513658285141
-0.014976752921938896
-0.0020905376877635717
-0.6051644086837769
-0.1481804996728897
-0.9171733260154724
-0.18911728262901306
-0.059184879064559937
-0.15559788048267365
-0.20983590185642242
-0.0037100373301655054
0.08729743957519531
-0.05659790337085724
-0.2757880687713623
-0.10669226944446564
0.007529481779783964
-0.4544089734554291
-0.02605718933045864
-0.07338149845600128
-0.21052081882953644
-0.6596147418022156
-0.15148499608039856
-0.04778911918401718
0.04253873974084854
-0.03409991040825844
-0.41411709785461426
-0.011531893163919449
-0.19513852894306183
-0.0570048913359642
-0.20781803131103516
0.02335108257830143
-0.09206648916006088
0.04602918401360512
-0.08438655734062195
-0.007132422644644976
-0.6354013681411743
0.00826428271830082
-0.08037775009870529
0.00988806877285242
-0.06357694417238235
0.04329608008265495
-0.007268676534295082
-0.07782682031393051
-0.17837977409362793
0.012819577939808369
-0.03998541459441185
-0.12051466852426529
0.03771619126200676
0.025759782642126083
-0.00892089307308197
0.052160464227199554
-0.28746259212493896
-0.01867707073688507
-0.5779427886009216
0.0434558279812336
-0.07205383479595184
0.030079485848546028
-0.3194202780723572
0.057197146117687225
-0.03918939456343651
0.04324314743280411
-0.12020032852888107
-0.005623990204185247
0.2923777401447296
-0.07109985500574112
0.11019432544708252
-0.14246520400047302
-0.25590381026268005
-0.2593114674091339
-1.3765159845352173
-0.2637873589992523
-0.1380738615989685
0.07282352447509766
-0.7216823101043701
-0.20973113179206848
0.050935808569192886
-0.1423233151435852
-0.2225223034620285
-0.3207803964614868
-0.06105860695242882
-0.21617774665355682
-0.18412140011787415
0.017846137285232544
-0.21983975172042847
-0.521527111530304
-0.025693772360682487
-0.00668815104290843
0.0031341963913291693
0.10179730504751205
-0.030929161235690117
0.029846912249922752
-0.0865171030163765
0.04953911527991295
0.06796146929264069
-0.05177954584360123
-0.061601586639881134
-0.026028573513031006
-0.04578765481710434
-0.06456631422042847
0.027866188436746597
0.08593452721834183
-0.26304876804351807
-0.25674402713775635
0.009435697458684444
0.020928392186760902
-1.3130695819854736
-0.3916979134082794
-0.35300204157829285
-0.37207546830177307
-0.46724531054496765
-0.2304401993751526
-0.005032989662140608
-0.01671687513589859
-0.1815299242734909
-0.09040500968694687
-0.03646272420883179
-0.9665039777755737
-0.02567850425839424
0.05212129279971123
0.05752246081829071
-0.05542789399623871
-0.03569501265883446
0.07189279794692993
0.0306329857558012
0.016939004883170128
-0.013656405732035637
0.040527503937482834
0.00037133440491743386
0.08334144204854965
0.012165060266852379
0.05867508798837662
-0.007633638568222523
-0.01710832677781582
0.01131046749651432
-0.012277565896511078
-0.003236890770494938
-0.0178990438580513
-0.8282891511917114
-0.36101025342941284
0.021463455632328987
-0.040701061487197876
-0.30853238701820374
-0.27001193165779114
0.016773344948887825
0.08960289508104324
-0.09160595387220383
-0.0737285390496254
0.04363756626844406
-0.44724175333976746
-1.0605745315551758
0.03885095193982124
-0.32230478525161743
0.028386568650603294
-0.32520291209220886
-0.0046871136873960495
-0.03951963782310486
-0.06276939809322357
-0.12674003839492798
-0.07588793337345123
0.007600233890116215
-0.7310108542442322
-0.053942929953336716
-0.04771169647574425
-0.12193584442138672
-0.23728039860725403
-1.1022639274597168
0.0010785742197185755
-0.07511476427316666
-0.004622573032975197
-0.1235148087143898
-0.061630334705114365
0.14601600170135498
0.04569612070918083
-0.02024351991713047
-0.04483570158481598
0.0018815629882737994
-0.3659461438655853
0.03166908398270607
0.04118060693144798
-0.2157156765460968
-0.5829762816429138
-0.5427790880203247
0.027555912733078003
-0.000771603430621326
0.053387828171253204
0.07686851918697357
0.0002614734403323382
-0.16538675129413605
0.0020756381563842297
0.01842416822910309
-0.014844919554889202
-0.02841358259320259
0.0015504811890423298
-0.023979557678103447
0.052238211035728455
-0.1028115525841713
-0.00017878744984045625
-1.4191348552703857
-0.42403391003608704
-0.17090067267417908
-0.11285027116537094
-0.1528058648109436
-0.17921145260334015
-0.001241576625034213
-0.003501537488773465
-0.23788973689079285
-0.0484449565410614
-0.035818323493003845
-0.401346892118454
0.02500290796160698
-0.13964641094207764
-0.40839439630508423
-0.6179502010345459
-1.3450422286987305
-0.3629052937030792
-0.12144778668880463
-0.13092154264450073
-0.16586507856845856
-0.18236908316612244
0.1518944948911667
0.01947060227394104
-0.22435195744037628
-0.02142937481403351
-0.02666148729622364
-0.5820591449737549
-0.06996672600507736
0.09453489631414413
-0.2901376783847809
-0.5926581025123596
0.030965128913521767
-0.01150648295879364
0.012005648575723171
0.025654559955000877
-0.012746014632284641
-0.02129676379263401
-0.001414264552295208
0.049743443727493286
0.052672192454338074
-0.06357317417860031
-0.14246755838394165
0.03897921368479729
0.08184053003787994
-0.05231035128235817
0.018163256347179413
-0.04010414332151413
-0.2073068469762802
-0.03031187504529953
0.024948734790086746
0.008434898220002651
-1.1967788934707642
0.10883127152919769
-0.3118189871311188
-0.040263332426548004
-0.24729958176612854
0.015345048159360886
0.09582310169935226
0.00421247910708189
-0.10425672680139542
-0.06394439935684204
0.005018496420234442
-0.9440717697143555
0.36969688534736633
0.43783512711524963
0.29560407996177673
-0.015719762071967125
0.8471666574478149
0.31321975588798523
0.3121430277824402
-0.020739397034049034
0.1207600086927414
0.20106305181980133
0.566057562828064
0.1535111963748932
0.18019601702690125
0.22365489602088928
0.0852789580821991
0.3034762144088745
0.35377269983291626
0.22522127628326416
-0.059809789061546326
0.28417426347732544
0.023510925471782684
0.18760161101818085
-0.1303607076406479
0.04380054399371147
0.08682520687580109
-0.0004968982539139688
0.029375992715358734
0.46021026372909546
-0.02292523719370365
-0.04273562505841255
0.09346450865268707
0.09811516851186752
-0.16665494441986084
0.14440810680389404
0.012375839054584503
-0.06906264275312424
-0.09930695593357086
0.05789218470454216
-0.0168283823877573
-0.053379125893116
-0.02564713917672634
0.006641911342740059
-0.11991626024246216
0.06849971413612366
0.008033500984311104
0.14481939375400543
0.1141028180718422
0.06737613677978516
0.40122419595718384
0.07437925040721893
0.034407638013362885
0.01567681133747101
0.23629531264305115
0.07985879480838776
0.2238343507051468
0.20214442908763885
-0.13823261857032776
0.061825789511203766
-0.2082977443933487
0.012519053183495998
0.1130867451429367
0.13260136544704437
-0.01124664768576622
0.003355602268129587
0.2544656991958618
-0.005586205516010523
0.18578341603279114
0.005676735658198595
0.34510523080825806
-0.20296655595302582
0.25859129428863525
-0.010969964787364006
-0.06476931273937225
-0.016228746622800827
-0.011024314910173416
0.27653586864471436
-0.018425170332193375
0.05043111741542816
0.3154561221599579
0.15916383266448975
0.46134480834007263
0.1888364851474762
-0.04805724695324898
-0.034713465720415115
0.11543440073728561
0.106634221971035
-0.0158219113945961
-0.0320698618888855
0.04458047077059746
0.07534880191087723
0.03818092867732048
-0.13593563437461853
0.07316610962152481
-0.029377952218055725
0.2441415786743164
0.07884854078292847
-0.22792160511016846
-0.035459812730550766
0.07586872577667236
-0.02958662062883377
-0.17767441272735596
0.025778742507100105
0.06823953986167908
-0.06868710368871689
-0.06305121630430222
0.04308171942830086
0.015515715815126896
-0.06604522466659546
0.10260792076587677
0.13128817081451416
-0.17590200901031494
-0.03490829095244408
0.24204494059085846
0.2361147254705429
0.06491746753454208
-0.06461705267429352
0.6328660845756531
0.3413749039173126
0.09894801676273346
-0.05018351972103119
0.09945520758628845
0.18370811641216278
-0.10402607917785645
-0.005212935619056225
0.18919235467910767
0.0480036735534668
0.10141608864068985
-0.0300455279648304
0.47918835282325745
0.24684225022792816
-0.003435639664530754
-0.024715356528759003
0.48651570081710815
0.16399866342544556
0.1394459307193756
0.0509367510676384
0.2005394995212555
0.19016778469085693
-0.06982417404651642
-0.028763310983777046
-0.002168862847611308
-0.01643778756260872
0.03747878223657608
0.36105650663375854
0.7556193470954895
0.12601882219314575
0.24159568548202515
0.033749159425497055
0.5469720959663391
0.3372182250022888
0.16835519671440125
0.08584249019622803
0.4168400764465332
0.16663815081119537
0.4073437452316284
-0.12072928249835968
0.13939101994037628
0.214462012052536
0.6574939489364624
0.13329637050628662
0.03384590893983841
-0.017767738550901413
-0.009238427504897118
-0.030927907675504684
-0.014492787420749664
0.022893812507390976
-0.023244556039571762
-0.08259321004152298
-0.037618957459926605
-0.05127404257655144
0.05601368099451065
0.00448209885507822
0.005467517767101526
0.08198763430118561
-0.011438473127782345
-0.02319825254380703
0.048656266182661057
-0.009160362184047699
0.004360276740044355
-0.033505283296108246
-0.023760376498103142
-0.03008151613175869
0.0008453909540548921
-0.026270220056176186
-0.016544688493013382
-0.006202023942023516
0.00997899379581213
0.005089724436402321
-0.0151309659704566
-0.024401122704148293
0.004833889193832874
0.07030424475669861
0.6770334243774414
0.18424083292484283
0.05164609104394913
0.04740375652909279
0.2253311425447464
0.1831866055727005
-0.0723721832036972
0.0727333202958107
0.17178748548030853
0.024516846984624863
0.03108498826622963
0.016550354659557343
-0.016090726479887962
0.07576622068881989
0.3124808073043823
0.7584518194198608
0.13354375958442688
-0.09330227971076965
0.02334415912628174
-0.039393872022628784
0.014064502902328968
-0.10796758532524109
-0.022875063121318817
0.021718937903642654
-0.0626964271068573
-0.01747801899909973
-0.08764313161373138
0.09608086198568344
-0.0370788536965847
0.21804232895374298
0.2972759008407593
0.29344433546066284
0.8651069402694702
0.3790215849876404
0.4992610514163971
-0.019517535343766212
0.5381614565849304
0.342974454164505
0.23331135511398315
-0.1122380718588829
0.34875255823135376
0.16551946103572845
0.49845343828201294
-0.02517283707857132
0.22752819955348969
0.24418018758296967
0.1148061454296112
0.33683520555496216
-0.14557906985282898
-0.17528966069221497
-0.10130008310079575
-0.024139663204550743
-0.039715249091386795
0.45700472593307495
0.18528608977794647
-0.04443235695362091
0.019037501886487007
-0.03397761657834053
0.09548258036375046
0.06361303478479385
0.016185211017727852
0.07387064397335052
0.6890016794204712
0.17726172506809235
0.09038898348808289
-0.041478849947452545
0.09124580770730972
0.1471249908208847
0.2578974962234497
-0.0685032531619072
-0.06446906179189682
-0.004521104972809553
0.24184034764766693
0.08371957391500473
-0.28425657749176025
0.3030257523059845
0.013078526593744755
0.11252152919769287
-0.044884324073791504
0.5202765464782715
-0.00769089488312602
-0.023715684190392494
0.01527460664510727
-0.00040720563265495
0.20009906589984894
-0.11889903992414474
0.1908670961856842
-0.0007620086544193327
0.24392496049404144
-0.03266359493136406
-0.03182734549045563
0.03640846163034439
0.10046868771314621
-0.013685744255781174
0.4000076353549957
-0.066715307533741
0.1329410970211029
0.03302324190735817
0.026834815740585327
0.08152280002832413
-0.018896013498306274
0.030796358361840248
0.27884677052497864
-0.0447479709982872
0.0949687510728836
0.050060685724020004
0.005781243555247784
0.022599318996071815
0.01979878731071949
-0.0449722521007061
0.14810463786125183
-0.026962336152791977
0.23513171076774597
-0.1718776822090149
-0.010586217977106571
-0.057451166212558746
0.14138738811016083
-0.05924339219927788
-0.04679138585925102
0.006393327843397856
0.2298220694065094
-0.0395381897687912
-0.5258527994155884
-0.004640538245439529
-0.020990801975131035
0.14008238911628723
-0.01482793316245079
0.22785726189613342
0.7259240746498108
0.08359722793102264
0.18488256633281708
-0.030307095497846603
0.4025479257106781
-0.012427674606442451
-0.10791105031967163
-0.015042134560644627
0.29454654455184937
0.26547786593437195
-0.07120856642723083
-0.2044779509305954
0.09433827549219131
0.04567328467965126
0.1551009863615036
0.3077719807624817
0.012196049094200134
0.018986115232110023
-0.02646714076399803
-0.044862184673547745
-0.03765249624848366
0.03259110450744629
-0.06208990514278412
0.05152805522084236
-0.02500949427485466
-0.0677475556731224
0.06757292151451111
0.024178192019462585
-0.028360115364193916
-0.07800891250371933
-0.00664917379617691
0.011546244844794273
0.3326963484287262
0.17787162959575653
0.04834487661719322
0.04701972380280495
0.40336504578590393
0.2691531181335449
0.3061031401157379
0.30567729473114014
0.35608625411987305
0.31245511770248413
-0.07452020049095154
-0.03363959491252899
0.23466864228248596
0.09045795351266861
-0.07220074534416199
0.5654487609863281
0.015483604744076729
-0.04886660352349281
-0.04955853894352913
0.10661016404628754
-0.029012158513069153
0.010715783573687077
-0.029351847246289253
0.05054794251918793
-0.012920277193188667
-0.005497090518474579
0.029709916561841965
0.05310031771659851
0.02674620784819126
0.06393513828516006
0.02866985648870468
0.030892519280314445
-0.09133650362491608
-0.002898497972637415
0.04906988888978958
-0.03980546072125435
0.24194179475307465
0.13450241088867188
0.0158709567040205
0.09744767844676971
0.031993452459573746
0.23843984305858612
-0.1498069316148758
0.009994762018322945
0.16084416210651398
0.14594806730747223
-0.11098984628915787
0.10248912870883942
0.3287798762321472
0.06699109077453613
0.23576772212982178
0.02375061810016632
0.2947600781917572
-0.032287824898958206
-0.10651182383298874
-0.02068714238703251
0.10843335837125778
0.18163813650608063
-0.006925282068550587
0.3975117802619934
0.031161129474639893
0.08202506601810455
-0.11020088195800781
0.17210371792316437
0.5897894501686096
-0.02179524302482605
0.17329849302768707
-0.0015185483498498797
0.2575378119945526
-0.040540385991334915
-0.08942948281764984
0.09069377183914185
0.09660837054252625
0.09007778763771057
-0.029918687418103218
0.3178294003009796
-0.0688837468624115
-0.021210603415966034
0.12124369293451309
0.6772679090499878
0.14873290061950684
-0.14773522317409515
-0.02923516370356083
-0.04301507771015167
-0.06886482983827591
0.043189339339733124
0.000598733895458281
-0.024913858622312546
0.08992138504981995
0.01097903959453106
0.040194038301706314
0.03829628601670265
0.013781849294900894
0.02521348185837269
0.02914169244468212
0.0010621582623571157
0.30588164925575256
0.20188413560390472
0.14947110414505005
-0.005155372899025679
0.14399453997612
0.21159014105796814
-0.048672135919332504
0.03356402739882469
0.21667926013469696
0.11518076062202454
0.04122123494744301
-0.16455121338367462
-0.06923678517341614
0.0033210781402885914
-0.0228965375572443
0.8163102269172668
0.7830572128295898
0.1813480406999588
0.09073057025671005
0.1121392622590065
0.3144535422325134
-0.09335252642631531
-0.06491902470588684
0.04134095832705498
0.2301359325647354
0.1197800263762474
-0.04117409512400627
0.03454068675637245
-0.02130427584052086
-0.011443482711911201
0.14341320097446442
0.711398184299469
-0.011569293215870857
-0.04769868403673172
-0.09844516962766647
0.09146959334611893
-0.06494281440973282
0.061467453837394714
-0.001594225992448628
-0.09340593963861465
-0.10798311978578568
0.037460677325725555
0.2259158045053482
0.017193928360939026
0.018080253154039383
0.09657341241836548
-0.07510137557983398
-0.00023370700364466757
0.3371722996234894
0.010332001373171806
0.04227760434150696
0.032583534717559814
0.9396035671234131
-0.08492615818977356
0.33524230122566223
0.03423744812607765
0.24704807996749878
-0.09140849858522415
-0.16252018511295319
0.04049186035990715
0.014573432505130768
0.012884378433227539
0.004924202803522348
0.6999205350875854
0.3526301980018616
0.1861904412508011
0.21315565705299377
0.00020112580386921763
0.8134620189666748
0.2859957814216614
-0.0423697903752327
-0.08824803680181503
0.10420230031013489
0.059003230184316635
0.35424941778182983
0.02451520971953869
0.08744031190872192
0.21028046309947968
0.16807568073272705
-0.10686586052179337
0.4723564088344574
0.31644517183303833
-0.06131797656416893
0.10484394431114197
0.03593505918979645
0.10093600302934647
-0.06266489624977112
0.07625110447406769
-0.007899615913629532
-0.1035582646727562
-0.011599457822740078
0.23331989347934723
-0.02469555288553238
0.046944744884967804
0.05202919617295265
0.1797739416360855
-0.10427533090114594
-0.08924230933189392
0.09802168607711792
0.014191924594342709
-0.1494232714176178
0.11134082078933716
-0.008342237211763859
-0.048491403460502625
0.010299351997673512
0.05871246010065079
-0.08046990633010864
-0.013830846175551414
-0.017743021249771118
0.25915947556495667
0.08943998068571091
0.045677732676267624
0.6116818189620972
-0.02498306892812252
-0.027980023995041847
-0.02173645794391632
0.48231276869773865
-0.0572306364774704
-0.026064731180667877
0.05330897122621536
-0.03664831072092056
-0.07673320919275284
-0.42670097947120667
-0.004159647040069103
0.1515747457742691
0.25548335909843445
-0.28380316495895386
-0.1538531333208084
0.44200047850608826
-0.09618543088436127
0.07299213111400604
-0.015572807751595974
0.42066848278045654
-0.08621344715356827
0.18088726699352264
0.013845294713973999
-0.0511239655315876
-0.14276880025863647
0.011467077769339085
0.0670972540974617
-0.01618369296193123
0.08585189282894135
0.40139079093933105
0.14418508112430573
0.4613937735557556
0.09239406883716583
-0.055943813174963
-0.09413531422615051
0.15296603739261627
0.05457290634512901
-0.077618807554245
0.019984839484095573
0.01911897584795952
0.16375170648097992
-0.05836508795619011
-0.28406479954719543
0.03954419121146202
0.06793596595525742
0.2764986753463745
-0.03650766238570213
-0.10431727766990662
-0.15716791152954102
0.03093823418021202
0.04126240313053131
0.010165706276893616
0.0023449971340596676
0.005069427192211151
0.06967424601316452
-0.1400904506444931
0.18619190156459808
-0.23674046993255615
-0.028617167845368385
0.02850179187953472
0.12705020606517792
-0.2583622932434082
-0.04085662588477135
0.2016233205795288
0.14692413806915283
0.014296840876340866
-0.011194390244781971
0.6159980893135071
0.2542078197002411
-0.16770850121974945
-0.0676429495215416
0.15208882093429565
0.0922534167766571
-0.4206167459487915
0.01993301883339882
0.20571601390838623
0.11570202559232712
0.061994366347789764
-0.3594888746738434
0.43853557109832764
0.22578907012939453
-0.0021356146316975355
0.061745647341012955
0.6266194581985474
0.211885005235672
-0.1692066341638565
-0.051071666181087494
0.28317520022392273
0.14537331461906433
-0.05490028113126755
-0.07802421599626541
0.016335755586624146
0.08093072474002838
-0.10118266195058823
0.09491588175296783
0.7863914370536804
0.04930443689227104
0.0664367824792862
-0.05976608395576477
0.7730536460876465
0.31849533319473267
-0.2795727252960205
-0.03404797613620758
0.47973424196243286
0.04023517295718193
0.14593705534934998
-0.301140159368515
0.21724732220172882
0.20147913694381714
0.6206989884376526
-0.18231987953186035
-0.01436903141438961
0.07393371313810349
0.0863066092133522
0.04439695551991463
0.0124452393501997
-0.04520493373274803
-0.02422725223004818
-0.06024319306015968
0.0072069293819367886
-0.08758549392223358
0.004327910952270031
-0.004237734246999025
-0.023239703848958015
-0.04259270802140236
0.057098984718322754
-0.07381381094455719
0.03837912529706955
-0.081429123878479
-0.08670572191476822
-0.0362350195646286
-0.11746915429830551
-0.06659270823001862
-0.04637651517987251
-0.02747015282511711
0.04048275947570801
-0.04531192407011986
0.037074655294418335
0.0309892650693655
-0.035796232521533966
-0.01912520080804825
-0.03778721019625664
0.01787436008453369
0.8471826910972595
0.18525192141532898
-0.06417515128850937
-0.0766761302947998
0.18966220319271088
0.05146336182951927
-0.21135453879833221
0.00695917010307312
0.22007659077644348
0.020544931292533875
0.050222016870975494
-0.4478355646133423
-0.05194095894694328
0.015821870416402817
0.4349738657474518
0.8606119751930237
0.13239137828350067
-0.05690297484397888
-0.0186446700245142
0.012896434403955936
0.01947936601936817
-0.10970598459243774
-0.08473342657089233
-0.0054984018206596375
-0.03391909599304199
-0.02416319027543068
-0.262743204832077
0.06417608261108398
0.08718005567789078
0.24423733353614807
0.12739109992980957
0.3401847779750824
0.8276877403259277
0.3938427269458771
0.1607297658920288
-0.1259714663028717
0.7734733819961548
0.2719111144542694
-0.0794309750199318
-0.21250708401203156
0.3179002106189728
0.1130305603146553
0.17212267220020294
-0.362402081489563
0.15080973505973816
0.30335262417793274
0.022312404587864876
0.27816042304039
-0.08443432301282883
-0.08301842212677002
-0.10179513692855835
-0.01614830084145069
0.01210732851177454
0.07750661671161652
0.07132848352193832
-0.03757976368069649
-0.15426291525363922
-0.10700211673974991
0.04926261305809021
-0.12737829983234406
0.004333865828812122
-0.031966060400009155
0.5627295970916748
0.12732520699501038
0.28611642122268677
-0.07635817676782608
-0.07540211081504822
0.1308394968509674
0.27508795261383057
-0.0591580905020237
-0.16819806396961212
0.03500927612185478
0.22511345148086548
0.017491068691015244
-0.193794384598732
0.13161389529705048
0.03197134658694267
0.2558404505252838
0.0473860427737236
0.6553454995155334
0.016827499493956566
-0.00407694885507226
-0.006221272982656956
-0.03258794918656349
0.34517762064933777
-0.17633888125419617
0.0970592051744461
-0.023693937808275223
0.15597021579742432
-0.13835012912750244
0.08924529701471329
-0.012540977448225021
0.13141721487045288
-0.03171268105506897
0.1532914787530899
-0.04307268187403679
0.16994088888168335
0.03991662710905075
0.03185625374317169
0.12172704190015793
-0.014174366369843483
-0.14421887695789337
0.2615247964859009
0.06055351346731186
0.024698490276932716
0.11778096109628677
-0.0005085462471470237
-0.010224220342934132
-0.05012456700205803
-0.06157764419913292
-0.14569661021232605
-0.01932024210691452
0.4586862325668335
-0.24128709733486176
-0.05708007887005806
-0.028217986226081848
0.17067518830299377
-0.09072916954755783
-0.1981954723596573
0.040893908590078354
0.06875476241111755
-0.16006727516651154
-0.4050799310207367
-0.20030313730239868
-0.04209674522280693
0.2259555160999298
-0.13893216848373413
0.2769489288330078
0.8285711407661438
0.05372103303670883
-0.10268363356590271
-0.09709274768829346
0.3704754412174225
0.0273545291274786
-0.2725735604763031
0.007084325887262821
0.4039931893348694
0.2501763701438904
-0.10956209897994995
-0.4910324215888977
0.026952525600790977
-0.004519510082900524
0.34915027022361755
0.2944461703300476
-0.06672448664903641
0.06326843053102493
0.1337079107761383
-0.032863110303878784
-0.01564677432179451
0.011936426162719727
-0.01074888464063406
-0.01694657653570175
0.007464849390089512
-0.02182025834918022
-0.07504720985889435
-0.07373159378767014
-0.038794778287410736
-0.046790849417448044
-0.03308100998401642
0.013179384171962738
0.3109944760799408
0.19553989171981812
0.033411476761102676
-0.03351623937487602
0.44288820028305054
0.3263527750968933
0.1521223485469818
0.1159457191824913
0.4750252366065979
0.22065718472003937
-0.14395228028297424
-0.049538034945726395
0.2337939590215683
0.062252484261989594
-0.22854062914848328
0.4646555483341217
0.058752357959747314
0.04624446853995323
-0.04691724479198456
0.03896927461028099
-0.015095209702849388
-0.006297991145402193
0.026434632018208504
0.0021224040538072586
-0.09133773297071457
-0.04957595095038414
-0.03709007799625397
0.032083068042993546
-0.03287174925208092
0.02361825853586197
-0.006003950256854296
-0.10361767560243607
-0.056411657482385635
-0.03398662433028221
-0.03512407839298248
-0.0320441834628582
0.3939782381057739
0.0995614156126976
-0.10375930368900299
0.052803702652454376
0.21831125020980835
0.19002296030521393
-0.24565312266349792
0.013880877755582333
0.07294383645057678
0.1676924228668213
-0.14279583096504211
0.041630737483501434
0.5134329199790955
-0.11437924951314926
-0.0023750774562358856
0.0658135935664177
0.3101397156715393
-0.11062656342983246
-0.016382679343223572
-0.04094517230987549
0.054760582745075226
0.21176069974899292
0.050237588584423065
0.20885156095027924
-0.054552365094423294
0.0517171174287796
-0.04355844482779503
0.19106605648994446
0.7052366137504578
-0.09026578813791275
-0.059015508741140366
-0.04173405468463898
0.2639469504356384
-0.10615862905979156
0.039696525782346725
0.05975506082177162
-0.04976038262248039
0.09776778519153595
0.009556205943226814
0.054354604333639145
-0.01971898414194584
0.004975249525159597
0.25689107179641724
0.6996108889579773
0.10707560181617737
-0.12347505986690521
-0.030954726040363312
-0.03376296907663345
-0.08503815531730652
0.046683914959430695
-0.07213236391544342
0.00045821175444871187
0.058778293430805206
0.06643278151750565
0.08233646303415298
-0.2322128415107727
-0.05224323645234108
0.029434429481625557
0.156391441822052
0.012596557848155499
0.4363470673561096
0.22227640450000763
-0.1871931552886963
0.0023447226267307997
0.16249896585941315
0.02391646057367325
-0.1328388899564743
0.019036291167140007
0.24714995920658112
0.10692262649536133
0.014474013820290565
-0.4410073161125183
-0.007228986360132694
0.07546152174472809
0.24175482988357544
0.8599017858505249
0.7184944152832031
0.048922330141067505
-0.22813360393047333
0.008999858051538467
0.35733771324157715
0.008772080764174461
-0.1428563892841339
0.02459077723324299
0.2834083139896393
0.010239197872579098
-0.002267048228532076
-0.2295624166727066
0.0039946651086211205
0.05287998914718628
0.27673906087875366
0.858132541179657
-0.0005875960341654718
-0.08577027916908264
-0.04632492735981941
-0.013884034007787704
-0.15206216275691986
-0.0016381682362407446
-0.01467173732817173
-0.005265447311103344
-0.1190413311123848
0.10899759829044342
0.09361918270587921
-0.05756058916449547
-0.05976596474647522
0.06209709867835045
-0.2756413519382477
-0.018392164260149002
0.35123488306999207
0.03839452937245369
-0.03009679727256298
0.020342638716101646
0.8540787100791931
-0.06575002521276474
0.11583797633647919
0.08624619990587234
0.389125794172287
-0.10010785609483719
-0.06967666000127792
0.00793869886547327
0.028002958744764328
-0.01780637726187706
-0.005111029837280512
0.5248510241508484
-0.4727182686328888
-0.35805678367614746
-0.2647508680820465
0.0436021164059639
-1.4660398960113525
-0.4982374310493469
-0.1607685089111328
-0.1203894317150116
-0.2135843187570572
-0.33297187089920044
-0.686933159828186
0.016985798254609108
-0.08506704121828079
-0.19259795546531677
-0.1799168884754181
-0.6647034883499146
-0.8851853609085083
-0.3198925852775574
-0.025714801624417305
-0.22709758579730988
-0.02575882337987423
-0.2901097238063812
-0.0710916668176651
0.003867184743285179
-0.014762810431420803
0.08468169718980789
0.002731286222115159
-0.5787217617034912
-0.01678973063826561
-0.04429883882403374
-0.13176366686820984
-0.16660216450691223
-0.013713046908378601
-0.08144647628068924
-0.1175580695271492
0.1061030775308609
-0.059484243392944336
-0.10271509736776352
0.03162534534931183
-0.03616487979888916
0.007731464691460133
0.08096883445978165
-0.07576479762792587
0.015859536826610565
-0.05202469229698181
-0.0860615000128746
-0.11880484968423843
-0.09506822377443314
-0.8369333148002625
-0.14321660995483398
-0.027318276464939117
-0.0026142047718167305
-1.0107884407043457
-0.24017317593097687
-0.15161871910095215
-0.12477786093950272
-0.11435113102197647
-0.16830942034721375
-0.0378597266972065
-0.041681937873363495
-0.1362868696451187
-0.21378514170646667
-0.10270018875598907
-0.36262246966362
-1.0771797895431519
-0.02284451387822628
-0.2984563410282135
-0.04739850386977196
-0.45326393842697144
0.028843620792031288
-0.1735072135925293
0.04357745498418808
-0.039026375859975815
0.02503439038991928
-0.04783758148550987
-0.4775950312614441
-0.05283651128411293
0.01080229226499796
-0.47488704323768616
-0.16718989610671997
-1.0432733297348022
-0.32010719180107117
0.0388043113052845
0.012640310451388359
-0.15879154205322266
-0.14531086385250092
-0.10206402093172073
0.0043309214524924755
-0.15116339921951294
-0.15232892334461212
0.007995206862688065
-0.41013267636299133
-0.11444446444511414
-0.08238792419433594
-0.14774954319000244
-0.006156268063932657
0.11258779466152191
-0.06017399579286575
-0.017199421301484108
0.018749916926026344
0.06449633836746216
-0.0604429729282856
0.021442510187625885
-0.017646903172135353
-0.02083536423742771
0.01095071341842413
-0.016457296907901764
0.06087176874279976
0.0323902890086174
-0.002643689513206482
0.06401845067739487
0.039858270436525345
-0.517206072807312
-0.2629883587360382
0.011844766326248646
-0.046899888664484024
-1.3187565803527832
-0.6027944087982178
-0.01868380978703499
-0.11263049393892288
-0.15995627641677856
-0.35932040214538574
-0.02925475873053074
-0.08363962173461914
-0.17423713207244873
-0.12291964888572693
-0.10721035301685333
-0.5190408825874329
-0.3800545036792755
-0.08158586919307709
-0.0839032232761383
0.045040786266326904
-1.1993486881256104
-0.16218821704387665
-0.14002875983715057
-0.06693486124277115
-0.11238714307546616
-0.40052393078804016
0.05027944594621658
-0.02410307340323925
-0.1701541543006897
0.03201226517558098
-0.016786500811576843
-0.5524575710296631
-1.039353370666504
-0.41391345858573914
-0.2981315851211548
0.025054670870304108
-1.2771106958389282
-0.458162397146225
-0.1345781534910202
-0.08711440861225128
-0.4253619611263275
-0.16969801485538483
-0.7045074701309204
-0.19178900122642517
-0.07410426437854767
-0.15506751835346222
-0.6402489542961121
-0.5169680714607239
-0.04582047834992409
0.017853176221251488
-0.011198950000107288
-0.08574938774108887
0.04559748247265816
-0.02368321642279625
0.007378441747277975
-0.03737368807196617
-0.053654298186302185
-0.09526153653860092
-0.011580745689570904
0.06514884531497955
-0.06004440784454346
0.01775256358087063
-0.04418526217341423
0.05728081613779068
-0.00105353316757828
-0.034635595977306366
-0.01919684372842312
-0.056457240134477615
-0.059156522154808044
0.040704693645238876
-0.01184306014329195
0.08016201108694077
0.007442367263138294
-0.042153142392635345
-0.041843969374895096
-0.012289282865822315
0.06684895604848862
0.1126849502325058
-0.1778862029314041
0.07753869146108627
-1.5234907865524292
-0.3785932660102844
-0.1539260745048523
-0.09932991862297058
-0.18592600524425507
-0.298037588596344
0.02101641520857811
-0.03678147494792938
-0.15047384798526764
0.0715484693646431
-0.04984595999121666
-0.4356139898300171
0.015136556699872017
-0.03231542184948921
-0.35639840364456177
-0.6420482397079468
-0.1646726429462433
0.020687539130449295
-0.12354975938796997
-0.0006702806567773223
-0.041108354926109314
-0.009075623005628586
0.0982329472899437
-0.000882498046848923
-0.009437191300094128
-0.07457240670919418
-0.025897258892655373
-0.052390988916158676
-0.029782569035887718
-0.1775353103876114
-0.1566065102815628
-0.3406769633293152
-1.3782238960266113
-0.4417656660079956
-0.5693766474723816
-0.13234181702136993
-1.1625583171844482
-0.33412763476371765
-0.31243252754211426
-0.12280281633138657
-0.4372025430202484
-0.25415289402008057
-0.7349036335945129
-0.23680619895458221
-0.16852647066116333
-0.22397302091121674
-0.23774942755699158
-0.962573230266571
-0.40907952189445496
0.002369749126955867
-0.0144088976085186
0.024627845734357834
0.020887816324830055
-0.39475101232528687
-0.1221190094947815
0.011138955131173134
-0.0723842903971672
0.09233994036912918
-0.03144345059990883
-0.04812586307525635
-0.058830756694078445
-0.06480095535516739
-0.688644289970398
-0.13173124194145203
-0.9782785773277283
-0.18760065734386444
-0.1631898730993271
-0.17968489229679108
-0.29822713136672974
-0.21536828577518463
0.12359710037708282
-0.010338476859033108
-0.12881165742874146
-0.08686675131320953
-0.014513547532260418
-0.32369428873062134
-0.045633312314748764
-0.12236689031124115
-0.16270282864570618
-0.6112678050994873
-0.09671927988529205
0.03357766941189766
0.08186205476522446
-0.012274985201656818
-0.3755720257759094
0.005437605548650026
-0.24303151667118073
0.07392466813325882
-0.22738467156887054
0.00315714068710804
-0.07469239085912704
0.021029548719525337
-0.08936725556850433
0.007985240779817104
-0.7167595624923706
0.08085606247186661
-0.1079191118478775
0.0838925912976265
-0.04929337278008461
0.052092477679252625
-0.057627949863672256
0.019144877791404724
-0.24043698608875275
-0.026148568838834763
-0.1138703003525734
-0.10857147723436356
-0.035632677376270294
0.027386587113142014
-0.021108156070113182
0.01535230316221714
-0.17971080541610718
-0.015700416639447212
-0.6420519948005676
0.0031869406811892986
-0.07048195600509644
0.005980747286230326
-0.2889013886451721
-0.029925361275672913
0.008444761857390404
-0.02287590317428112
-0.15407060086727142
-0.11580180376768112
0.2739351987838745
0.015446985140442848
-0.041785530745983124
-0.14784283936023712
-0.2709137797355652
-0.3039555847644806
-1.3317652940750122
-0.2663193643093109
-0.1929934024810791
0.026703767478466034
-0.7444648146629333
-0.27752962708473206
0.06827481091022491
-0.15344780683517456
-0.3024502098560333
-0.25156891345977783
-0.06548132002353668
-0.08065147697925568
-0.06838300824165344
-0.0794655978679657
-0.2826331555843353
-0.5902625918388367
-0.023508276790380478
-0.0010166688589379191
-0.04453490301966667
-0.09267902374267578
-0.01425059325993061
0.02646338753402233
-0.014244051650166512
0.04605533182621002
0.019218720495700836
-0.10052046179771423
0.044363077729940414
-0.03496516868472099
0.07958193868398666
-0.016350774094462395
-0.022327348589897156
-0.07210519909858704
-0.28371280431747437
-0.18412606418132782
-0.11428162455558777
-0.04197106510400772
-1.2457568645477295
-0.4609222710132599
-0.3590070605278015
-0.33373117446899414
-0.41961219906806946
-0.22975823283195496
-0.007812884636223316
0.027491949498653412
-0.18715815246105194
-0.047693587839603424
-0.09048633277416229
-0.8043409585952759
0.00802802573889494
0.040808919817209244
0.015725890174508095
0.014529121108353138
0.004961657803505659
0.0238497294485569
-0.04624343663454056
-0.017109321430325508
0.06576638668775558
0.020096683874726295
0.0321020632982254
0.03229362517595291
-0.00287364493124187
-0.018019139766693115
-0.0004256144748069346
0.023133207112550735
0.002414145041257143
0.04900039732456207
0.02162882126867771
0.0475853830575943
-0.8842784762382507
-0.5086000561714172
-0.08086975663900375
-0.1448817402124405
-0.23491135239601135
-0.32650336623191833
0.08414967358112335
0.05795108154416084
-0.09938949346542358
-0.10812932997941971
-0.012929681688547134
-0.4318331778049469
-1.1480951309204102
-0.04425044357776642
-0.29112979769706726
0.015761591494083405
-0.3519399166107178
-0.09959644079208374
0.0024283742532134056
-0.03440037742257118
-0.19090867042541504
-0.1378045380115509
-0.016533665359020233
-0.6646282076835632
-0.07208075374364853
-0.004398578777909279
-0.1381891965866089
-0.15694531798362732
-1.0496399402618408
-0.07452907413244247
-0.21235740184783936
-0.06763043999671936
-0.10421208292245865
-0.0243490282446146
0.12401776760816574
-0.002090662717819214
-0.04466433823108673
-0.1332927793264389
-0.07264312356710434
-0.39991000294685364
0.06271951645612717
0.04957500845193863
-0.3196682631969452
-0.5777217149734497
-0.5609381794929504
0.05092262476682663
0.06401427090167999
0.011293037794530392
-0.010204252786934376
-0.02733600325882435
-0.0018134474521502852
0.015642020851373672
-0.010542178526520729
-0.07217810302972794
-0.03674627095460892
0.0031176775228232145
-0.049450743943452835
-0.035091135650873184
-0.09680384397506714
-0.07545933872461319
-1.3902841806411743
-0.5430481433868408
-0.20840959250926971
-0.09488249570131302
-0.194193497300148
-0.20772969722747803
-0.08980836719274521
-0.04269509017467499
-0.20702792704105377
-0.14936083555221558
-0.024736369028687477
-0.4463237226009369
-0.013176999054849148
-0.061262618750333786
-0.4622754156589508
-0.6952936053276062
-1.3391547203063965
-0.38526788353919983
-0.04583389684557915
-0.07122959196567535
-0.3086659908294678
-0.2142215073108673
0.13191558420658112
-0.034779567271471024
-0.23737108707427979
0.0065727136097848415
0.02698325552046299
-0.6392127275466919
-0.07334703952074051
-0.06083172187209129
-0.26569321751594543
-0.4988579750061035
-0.0861189067363739
-0.09328664839267731
-0.0594605877995491
-0.04322206974029541
0.021558523178100586
0.0308994110673666
-0.014499945566058159
-0.009290171787142754
0.061944570392370224
-0.03843763843178749
-0.25817635655403137
0.018872734159231186
-0.029834067448973656
-0.08437935262918472
0.014055619947612286
0.040102384984493256
-0.2758711576461792
-0.10071796923875809
0.013778967782855034
0.01682843267917633
-1.2624363899230957
0.12304726243019104
-0.330940842628479
-0.09468080848455429
-0.2793475389480591
-0.14503000676631927
0.08446063846349716
0.028669806197285652
-0.027349520474672318
0.008415969088673592
0.054595526307821274
-0.9817743897438049
-0.42703860998153687
-0.38567522168159485
-0.22231705486774445
0.022680290043354034
-1.4905565977096558
-0.4687463045120239
-0.10197162628173828
-0.041604433208703995
-0.06357452273368835
-0.32930314540863037
-0.7565179467201233
0.044638317078351974
-0.01731637306511402
-0.1963644027709961
-0.10829060524702072
-0.7373664975166321
-0.8834550380706787
-0.3612956702709198
-0.06553500890731812
-0.20199184119701385
-0.06876453012228012
-0.2746839225292206
-0.039487455040216446
-0.054877202957868576
-0.05637446418404579
-0.04997778683900833
-0.014883656054735184
-0.6329873204231262
0.010457036085426807
0.016330180689692497
-0.1289592832326889
-0.2599671185016632
0.05984094738960266
-0.080861397087574
-0.09087471663951874
-0.023615220561623573
0.0057255569845438
-0.047534871846437454
-0.018793528899550438
0.03531130403280258
0.024168943986296654
-0.022316597402095795
-0.031909603625535965
-0.03540424257516861
0.08860041946172714
-0.1286676675081253
-0.08279597759246826
-0.1147315576672554
-0.769051194190979
-0.16593071818351746
-0.02898421324789524
0.02088184468448162
-0.9819766879081726
-0.26044249534606934
-0.08370684832334518
-0.08031260967254639
-0.13143102824687958
-0.14601562917232513
0.05777055397629738
0.07031330466270447
-0.10336662083864212
-0.1590149700641632
-0.1266188770532608
-0.332486093044281
-1.0835790634155273
0.0924864113330841
-0.3178400695323944
0.034586891531944275
-0.3981638252735138
-0.014968808740377426
-0.26010069251060486
-0.04825090244412422
-0.061414580792188644
0.1260514110326767
-0.012974289245903492
-0.5241870880126953
-0.07262412458658218
-0.03253903239965439
-0.5100772380828857
-0.17581377923488617
-0.9804739952087402
-0.26250994205474854
-0.0897124633193016
-0.0650312751531601
-0.16134153306484222
-0.1891937106847763
-0.17814266681671143
-0.0069201928563416
-0.19372010231018066
-0.14030888676643372
0.069333516061306
-0.3155871033668518
-0.01216694712638855
0.03404785320162773
-0.15247473120689392
-0.07300928235054016
-0.08427754789590836
-0.016920030117034912
-0.08065003901720047
-0.019304830580949783
0.0018496159464120865
-0.06997798383235931
-0.05458168312907219
-0.027195999398827553
-0.0510793998837471
-0.09225210547447205
-0.1070108562707901
-0.031421393156051636
0.05362643674015999
-0.11701906472444534
0.015066031366586685
-0.01080236304551363
-0.41536518931388855
-0.2803689241409302
-0.04942343756556511
-0.003276300383731723
-1.1465636491775513
-0.4470798671245575
-0.10153397917747498
-0.0902194008231163
-0.16813133656978607
-0.2798044979572296
0.046439677476882935
0.024289928376674652
-0.14737780392169952
-0.08379850536584854
-0.11072707921266556
-0.5704089999198914
-0.45761510729789734
-0.1657223105430603
-0.03463607281446457
0.024733688682317734
-1.0683894157409668
-0.20866768062114716
-0.05713989958167076
-0.04225694760680199
-0.14814381301403046
-0.26710641384124756
-0.04073770344257355
0.04192822426557541
-0.06577083468437195
-0.025203656405210495
-0.007087204605340958
-0.566388726234436
-1.0606625080108643
-0.4011085331439972
-0.22885632514953613
0.010381240397691727
-1.160197377204895
-0.3765542507171631
-0.2160647213459015
-0.020598312839865685
-0.46831515431404114
-0.19136115908622742
-0.8163705468177795
-0.23880453407764435
-0.11481236666440964
-0.19831299781799316
-0.6505560874938965
-0.6016966104507446
0.010311834514141083
-0.053593963384628296
-0.0440334752202034
0.06512857973575592
-0.05461844801902771
-0.018816713243722916
-0.057247940450906754
-0.04586978256702423
0.061254240572452545
-0.006832859478890896
0.011475805193185806
0.03898215293884277
-0.03369174152612686
-0.009984130971133709
-0.014142666943371296
0.015766466036438942
0.008465474471449852
-0.0075355707667768
0.024795828387141228
0.03503565862774849
0.09141569584608078
-0.10107865184545517
0.043592631816864014
-0.03944151848554611
-0.049046825617551804
0.020659813657402992
0.03414322808384895
-0.0816797986626625
-0.05537829175591469
0.010392673313617706
-0.09262292087078094
0.09405328333377838
-1.4502805471420288
-0.37162187695503235
-0.20519636571407318
-0.11067189276218414
-0.2183997929096222
-0.16684859991073608
-0.046287499368190765
-0.07714665681123734
-0.2126416563987732
-0.06716276705265045
-0.09609132260084152
-0.46839573979377747
0.07314176857471466
-0.02030210755765438
-0.2834205627441406
-0.6576390266418457
-0.14115968346595764
0.012381007894873619
-0.0746273547410965
0.008336984552443027
-0.0039053368382155895
-0.02116136997938156
-0.012500006705522537
0.03450241684913635
-0.0015723053365945816
-0.05350581929087639
-0.13219086825847626
-0.020875779911875725
-0.05853721499443054
-0.18107378482818604
-0.22607740759849548
-0.3268333971500397
-1.403415560722351
-0.45961982011795044
-0.3636123239994049
-0.12134495377540588
-1.1197351217269897
-0.32197105884552
-0.2786179184913635
-0.0761873722076416
-0.31714218854904175
-0.29803141951560974
-0.8339128494262695
-0.3037956655025482
-0.1311090737581253
-0.16873738169670105
-0.31564611196517944
-1.0214694738388062
-0.508366048336029
0.0315631702542305
0.10510732233524323
-0.07700003683567047
0.03930850699543953
-0.44688090682029724
-0.12657196819782257
0.03289135918021202
-0.09180346876382828
0.037389177829027176
-0.07817485183477402
-0.11679279804229736
-0.06279817968606949
-0.05427703261375427
-0.7625004649162292
-0.15456297993659973
-0.8408037424087524
-0.1568559855222702
-0.10070247948169708
-0.159827321767807
-0.2735446095466614
-0.10101300477981567
0.07061631232500076
-0.01505503710359335
-0.20213863253593445
-0.059904325753450394
-0.08084946870803833
-0.5232861042022705
-0.07800924777984619
-0.06738100945949554
-0.15427328646183014
-0.6199955940246582
-0.10093163698911667
0.059299107640981674
-0.02240818738937378
0.014204778708517551
-0.3450372815132141
0.08262781798839569
-0.28810229897499084
-0.02126961015164852
-0.21789774298667908
0.11020869016647339
-0.08022893220186234
-0.03440345451235771
-0.1374538391828537
0.07937134057283401
-0.7274970412254333
-0.01196515653282404
-0.11032229661941528
0.029526330530643463
-0.002870615106076002
0.002443239325657487
-0.03037314862012863
-0.06586503237485886
-0.22152402997016907
-0.008511047810316086
-0.09535190463066101
-0.1214514821767807
0.03708086907863617
0.016330430284142494
-0.058293625712394714
0.003555606584995985
-0.3526493012905121
0.05783485993742943
-0.6534630656242371
0.13697396218776703
-0.11480425298213959
-0.00495996605604887
-0.2869170904159546
0.021408172324299812
0.0007089495193213224
-0.001723109744489193
-0.08160026371479034
-0.01526492740958929
0.291508287191391
0.004051376134157181
-0.10220014303922653
-0.05331574007868767
-0.2903379797935486
-0.28689640760421753
-1.3739794492721558
-0.3042593002319336
-0.12329272925853729
0.024321135133504868
-0.8197552561759949
-0.22408998012542725
0.12936155498027802
-0.07452543824911118
-0.15279614925384521
-0.2620942294597626
-0.040966857224702835
-0.19725987315177917
-0.023926585912704468
-0.04125334322452545
-0.21653945744037628
-0.5949995517730713
0.03016708232462406
-0.015738116577267647
0.07031968981027603
0.08040867745876312
-0.02096586860716343
0.05944480374455452
-0.029351836070418358
-0.00847560539841652
0.01182823907583952
-0.006767784245312214
-0.00911793950945139
-0.024470752105116844
-0.019237780943512917
0.005410831421613693
0.02082248032093048
-0.03162572905421257
-0.2843828797340393
-0.18056394159793854
-0.07962287962436676
0.02859635092318058
-1.2312486171722412
-0.3706458508968353
-0.4014878571033478
-0.18698693811893463
-0.3115735650062561
-0.2885887324810028
-0.040760546922683716
-0.07259956747293472
-0.10469470918178558
-0.045414384454488754
-0.019881894811987877
-0.9675940275192261
0.02579706907272339
-0.057635460048913956
0.014716901816427708
-0.0111495740711689
0.072544164955616
-0.11189957708120346
-0.011786636896431446
-0.05735477805137634
0.0024687887635082006
0.015472443774342537
0.035330116748809814
0.03374790772795677
-0.01654704473912716
0.03131638094782829
0.059962667524814606
0.01094028539955616
0.030844036489725113
0.07591142505407333
0.008526257239282131
-0.05222282186150551
-0.8135181665420532
-0.39565572142601013
-0.03214051574468613
-0.18480651080608368
-0.38096901774406433
-0.26404234766960144
0.13372473418712616
0.04157654941082001
-0.15012586116790771
-0.09154347330331802
0.06368999183177948
-0.4309711456298828
-1.0648448467254639
0.019144592806696892
-0.35712239146232605
-0.049951426684856415
-0.26898741722106934
-0.016593199223279953
-0.0021465891040861607
-0.005939909256994724
-0.10808467119932175
-0.21830184757709503
0.03528652712702751
-0.7098228931427002
0.023385198786854744
-0.05309605970978737
-0.07102559506893158
-0.19790807366371155
-1.048324704170227
0.059540051966905594
-0.200644850730896
-0.01106606237590313
-0.13134562969207764
-0.16056665778160095
0.085845947265625
-0.021965743973851204
-0.12147477269172668
-0.03916817158460617
0.028694158419966698
-0.5524683594703674
0.06322988122701645
-0.014735892415046692
-0.24724720418453217
-0.6353495121002197
-0.46843549609184265
0.114187091588974
-0.0067484513856470585
0.050193868577480316
0.03219963237643242
0.005426789168268442
-0.014952648431062698
-0.0009756946819834411
-0.003990733530372381
0.020465970039367676
0.07404172420501709
-0.018295301124453545
-0.016535181552171707
-0.020423902198672295
-0.060195282101631165
-0.106256864964962
-1.3414690494537354
-0.45959049463272095
-0.171446293592453
-0.09380828589200974
-0.2676593065261841
-0.21143832802772522
-0.03653294965624809
-0.059714529663324356
-0.2426701933145523
-0.16623780131340027
-0.05583314597606659
-0.5403823852539062
-0.01704161800444126
-0.11397848278284073
-0.49903368949890137
-0.6718326210975647
-1.2978718280792236
-0.2960398495197296
-0.050150517374277115
-6.370632036123425e-05
-0.34393563866615295
-0.11484570056200027
0.10679222643375397
-0.024987583979964256
-0.13133955001831055
-0.05765080079436302
0.08425682783126831
-0.693670392036438
0.04543442651629448
-0.058844368904829025
-0.22976946830749512
-0.6457874178886414
-0.012342872098088264
-0.024485351517796516
0.03027857281267643
0.08005379885435104
0.021969405934214592
-0.037577468901872635
0.0415327362716198
-0.03854720667004585
0.056119177490472794
-0.09149307012557983
-0.2610004246234894
0.002932374831289053
-0.04712207242846489
-0.1634954959154129
-0.015171384438872337
-0.07164888828992844
-0.35687828063964844
-0.05020422860980034
-0.016094490885734558
0.01769811287522316
-1.140822410583496
0.0692584365606308
-0.4048236608505249
0.028563661500811577
-0.1868557184934616
-0.12078634649515152
0.032777003943920135
0.01004398800432682
-0.08075480908155441
-0.06380227953195572
-0.016961190849542618
-0.9466344118118286
-0.42399024963378906
-0.4233105480670929
-0.25121766328811646
-0.05946142226457596
-1.4488208293914795
-0.3825344145298004
-0.11600026488304138
-0.12879295647144318
-0.15027697384357452
-0.2980390191078186
-0.7224757671356201
-0.027306033298373222
-0.1154075562953949
-0.16742628812789917
-0.1707419902086258
-0.6474313735961914
-0.9558422565460205
-0.19391335546970367
0.023110391572117805
-0.18999642133712769
-0.07678262889385223
-0.2271389663219452
-0.0447978600859642
-0.10016899555921555
-0.05491439625620842
0.017067555338144302
-0.002764167031273246
-0.6103073358535767
0.06050189957022667
0.005528672598302364
-0.16076883673667908
-0.19863201677799225
-0.022495819255709648
-0.04563112184405327
-0.11561938375234604
0.0010658896062523127
-0.04697379469871521
-0.12096746265888214
0.0665188580751419
-0.02404438704252243
0.014006284065544605
-0.030028177425265312
-0.05327872186899185
0.023948289453983307
0.07077544927597046
-0.13472817838191986
-0.14322954416275024
-0.05918370187282562
-0.661588728427887
-0.2070036679506302
-0.0309669878333807
-0.004002412315458059
-0.9736557006835938
-0.21074247360229492
-0.269513338804245
-0.19170884788036346
-0.056787192821502686
-0.18433110415935516
0.034204304218292236
0.017322871834039688
-0.14592792093753815
-0.14711514115333557
-0.09333311766386032
-0.30976754426956177
-1.0757150650024414
0.06655170023441315
-0.2815565764904022
0.011457564309239388
-0.4636872112751007
-0.0029945452697575092
-0.17091615498065948
0.007985836826264858
-0.12129059433937073
0.058691564947366714
-0.030640283599495888
-0.43741390109062195
-0.05115896090865135
-0.054530784487724304
-0.4860052168369293
-0.1903195083141327
-1.0489832162857056
-0.23321358859539032
0.0032103541307151318
-0.04130902886390686
-0.1635267287492752
-0.17534728348255157
-0.016908805817365646
0.014096010476350784
-0.1486774981021881
-0.0868791714310646
0.00947789940983057
-0.3140745759010315
-0.012042027898132801
0.008043392561376095
-0.17658251523971558
-0.012773813679814339
0.0569218210875988
0.0601055733859539
-0.08613933622837067
-0.02348291501402855
0.03231458738446236
-0.11112691462039948
0.030601972714066505
0.014738419093191624
-0.035447970032691956
-0.0636008009314537
-0.08481976389884949
0.02932516485452652
0.029460256919264793
-0.09068910777568817
0.007288351655006409
0.01264146063476801
-0.5244559049606323
-0.2469322383403778
-0.04504556953907013
0.017947938293218613
-1.1951409578323364
-0.6078076362609863
0.06262075155973434
-0.13682964444160461
-0.23366782069206238
-0.3597339391708374
0.028028441593050957
0.005422984715551138
-0.08960133045911789
-0.03186894953250885
-0.12000594288110733
-0.525165319442749
-0.4434022605419159
-0.23301267623901367
-0.019890766590833664
-0.030207011848688126
-1.1449863910675049
-0.2668101489543915
-0.09092333167791367
-0.11429469287395477
-0.21544745564460754
-0.2895897328853607
-0.015263110399246216
0.014348679222166538
-0.020797541365027428
0.017327893525362015
-0.0014552479842677712
-0.46765750646591187
-1.050792932510376
-0.42767399549484253
-0.24736815690994263
-0.027124710381031036
-1.1527681350708008
-0.44735732674598694
-0.1889055222272873
-0.023552218452095985
-0.4477919042110443
-0.13448502123355865
-0.7255925536155701
-0.26008185744285583
-0.21330171823501587
-0.19661177694797516
-0.6075595021247864
-0.5667157769203186
0.04172534868121147
-0.04932265356183052
0.032467037439346313
0.014569307677447796
-0.039175573736429214
0.016605280339717865
0.03913061320781708
0.007608302868902683
-0.054443180561065674
0.04096384346485138
-0.0023178455885499716
-0.02769058384001255
0.06044282764196396
-0.05113738775253296
0.027796847745776176
0.02199033834040165
0.02134816162288189
0.008454794064164162
-0.05606997013092041
0.05621400102972984
0.004330611787736416
-0.06596741080284119
0.07371693849563599
0.09140707552433014
0.028047310188412666
-0.005062561947852373
-0.01770520955324173
-0.020525922998785973
-0.07797720283269882
0.048006728291511536
-0.14075706899166107
0.02807699702680111
-1.4426047801971436
-0.39597731828689575
-0.06372769922018051
-0.0039377533830702305
-0.17201991379261017
-0.0980151817202568
-0.04757235199213028
0.016786713153123856
-0.22873249650001526
-0.02746301144361496
0.024712471291422844
-0.44138431549072266
-0.03681110590696335
0.024011336266994476
-0.2544330656528473
-0.7016279697418213
-0.1682964414358139
0.017990361899137497
-0.10292786359786987
-0.006165042519569397
0.05650224909186363
-0.05149988830089569
0.06432967633008957
-0.054247818887233734
-0.011905434541404247
-0.0022063818760216236
-0.053858499974012375
-0.013591155409812927
-0.09413144737482071
-0.08623051643371582
-0.15508301556110382
-0.2670016288757324
-1.3142439126968384
-0.48414069414138794
-0.4127575755119324
-0.061702530831098557
-1.0108377933502197
-0.367008775472641
-0.2507258653640747
-0.05995176360011101
-0.2369929999113083
-0.20210981369018555
-0.7040871977806091
-0.24676452577114105
-0.13261349499225616
-0.23954132199287415
-0.3047448694705963
-1.0064303874969482
-0.43136709928512573
-0.02597188390791416
-0.016050634905695915
0.03185021132230759
-0.02318539470434189
-0.3894575834274292
-0.08705109357833862
-0.030350247398018837
-0.11283005774021149
-0.01452639326453209
-0.1004343330860138
-0.1491696536540985
0.030185528099536896
-0.00011231897224206477
-0.6654534339904785
-0.22106251120567322
-0.8605801463127136
-0.15219290554523468
-0.1367974728345871
-0.15650016069412231
-0.2545185685157776
-0.24324408173561096
0.06668463349342346
-0.022329743951559067
-0.2031223475933075
-0.12867742776870728
-0.069320447742939
-0.3721718192100525
0.009006377309560776
-0.03505941852927208
-0.18712355196475983
-0.6481379866600037
-0.017530567944049835
0.028940651565790176
-0.03991963341832161
0.05024532601237297
-0.3523401916027069
0.04732793569564819
-0.24964934587478638
0.015084316022694111
-0.3022702932357788
0.02807086706161499
-0.023334870114922523
-0.02351265773177147
-0.16434644162654877
0.007208898197859526
-0.606965184211731
0.00731628155335784
-0.011294077150523663
-0.02927769534289837
0.014321917667984962
-0.021785778924822807
-0.10122638195753098
-0.04529030993580818
-0.1761358082294464
-0.009805561043322086
-0.020136196166276932
-0.05772195756435394
0.02022365853190422
-0.02015918679535389
0.0035438621416687965
-0.004657181445509195
-0.3050653636455536
0.017845211550593376
-0.5476555228233337
0.05277639254927635
-0.07877814769744873
-0.029288388788700104
-0.23850639164447784
-0.00879508163779974
-0.06031177565455437
-0.0520380437374115
-0.07911788672208786
0.00892966240644455
0.23213942348957062
-0.03099379688501358
-0.003046283032745123
-0.13336041569709778
-0.3025715947151184
-0.216278538107872
-1.3396525382995605
-0.25856032967567444
-0.166794091463089
0.01834840513765812
-0.745292067527771
-0.2221706509590149
0.06696808338165283
-0.18695813417434692
-0.21246248483657837
-0.34253132343292236
-0.12079157680273056
-0.2540009319782257
-0.0038604987785220146
-0.022517558187246323
-0.23155148327350616
-0.5334966778755188
-0.0805225670337677
0.09864606708288193
-0.008738146163523197
0.01840430498123169
0.019273223355412483
0.055934879928827286
0.014900768175721169
-0.014942429028451443
0.041095342487096786
0.00467668566852808
-0.03691145032644272
0.06835950165987015
-0.05190373584628105
0.023625563830137253
0.0263527799397707
-0.0009242739761248231
-0.22386372089385986
-0.09013926982879639
0.055769309401512146
-0.05815128609538078
-1.2250896692276
-0.394315630197525
-0.3439534902572632
-0.3039858639240265
-0.39862436056137085
-0.20943772792816162
-0.015298351645469666
0.013974849134683609
-0.2373025119304657
-0.04702666774392128
0.041042860597372055
-0.864057719707489
-0.028800813481211662
0.024195557460188866
0.06735071539878845
0.0009074888657778502
0.03932870179414749
-0.02258053421974182
-0.02827600948512554
0.04225200414657593
-0.060482122004032135
0.10511995851993561
-0.04903564602136612
8.515807166986633e-06
-0.0594002865254879
0.030364053323864937
-0.05594285950064659
0.007662574294954538
0.03541090711951256
-0.05095798149704933
0.055513303726911545
0.006676919292658567
-0.8657042980194092
-0.4375540018081665
-0.10500138252973557
-0.08237940073013306
-0.20978137850761414
-0.23831865191459656
-0.04308484122157097
-0.050747938454151154
-0.10591176897287369
-0.15563595294952393
0.019590308889746666
-0.3751054108142853
-0.9979206323623657
-0.005085472017526627
-0.4059169292449951
-0.004816450644284487
-0.3319201171398163
-0.03929872438311577
0.021040095016360283
0.03278914466500282
-0.14084406197071075
-0.13204769790172577
-0.018419019877910614
-0.6641975045204163
0.053545478731393814
-0.04517501965165138
-0.11599262803792953
-0.1806555986404419
-1.0439271926879883
0.039284925907850266
-0.1160544827580452
0.01111682690680027
-0.10834404826164246
-0.09677451848983765
0.051060836762189865
0.016120072454214096
0.01602065935730934
-0.005049951374530792
0.005092232022434473
-0.4725854694843292
0.00011868089495692402
-0.009642583318054676
-0.25741541385650635
-0.5206666588783264
-0.3513084650039673
0.03850070387125015
0.053826481103897095
0.04623810574412346
0.06263081729412079
0.03772445395588875
-0.03716140612959862
-0.047483891248703
-0.017990823835134506
-0.013626986183226109
-0.013353287242352962
-0.03636924549937248
-0.005517534911632538
-0.05225801840424538
-0.018587535247206688
-0.08383526653051376
-1.2953529357910156
-0.41779887676239014
-0.18713636696338654
-0.00882856734097004
-0.24055548012256622
-0.21716342866420746
-0.12121553719043732
-0.046929024159908295
-0.26740318536758423
-0.19704383611679077
0.06955748051404953
-0.41329801082611084
-0.06862523406744003
-0.02178526669740677
-0.44793644547462463
-0.7004057168960571
-1.3499667644500732
-0.19969475269317627
-0.09311722964048386
-0.004041953012347221
-0.2452041655778885
-0.12182202190160751
0.10113164037466049
0.03265587240457535
-0.13592952489852905
0.02247142605483532
0.012096508406102657
-0.5855939984321594
0.03163674846291542
-0.008741434663534164
-0.19603541493415833
-0.6073952317237854
-0.10215483605861664
-0.13144981861114502
0.05022045597434044
-0.07925212383270264
0.040959469974040985
-0.10238727182149887
-0.04479211941361427
-0.02578689344227314
0.0815851166844368
-0.06957092881202698
-0.1967795044183731
0.05127903074026108
-0.009413454681634903
0.0050992718897759914
0.029176754876971245
0.018361341208219528
-0.3299339711666107
-0.06938125193119049
-0.06166308745741844
0.06044980138540268
-1.2215293645858765
0.07944808155298233
-0.4084785580635071
-0.06110022962093353
-0.24416851997375488
-0.03936101123690605
0.08350569009780884
0.034633077681064606
-0.05368201062083244
0.004121949430555105
-0.018065646290779114
-0.9156681895256042
-0.34449395537376404
-0.4080863893032074
-0.12316346168518066
-0.05319284275174141
-1.4372323751449585
-0.4132384955883026
-0.007472456898540258
-0.009711189195513725
-0.07391095161437988
-0.2581409811973572
-0.8673354983329773
-0.01732969470322132
-0.06324077397584915
-0.18471919000148773
-0.11770866066217422
-0.6649090051651001
-0.8863475918769836
-0.23161016404628754
-0.0414501316845417
-0.17733578383922577
-0.07781979441642761
-0.2496093064546585
0.025266367942094803
-0.04781297594308853
-0.05657050013542175
-0.003205981571227312
0.030702536925673485
-0.5968261957168579
0.016663985326886177
-0.04180600494146347
-0.11116048693656921
-0.23430094122886658
-0.07928594946861267
-0.1302192211151123
-0.035413507372140884
0.0065841167233884335
0.07023761421442032
-0.07953932881355286
0.08152773231267929
-0.0037412617821246386
-0.015241960994899273
-0.0037399439606815577
0.03413442149758339
-0.009438072331249714
0.03348398581147194
-0.13922464847564697
-0.11617434024810791
-0.1222730278968811
-0.6863901615142822
-0.13506212830543518
-0.04865173622965813
-0.07847249507904053
-0.9723544716835022
-0.2215845286846161
-0.014437411911785603
0.042692020535469055
-0.10064434260129929
-0.13205623626708984
0.09489358961582184
0.015127729624509811
-0.0317840650677681
-0.16358669102191925
-0.11323302239179611
-0.5037140250205994
-0.9522608518600464
0.045207858085632324
-0.31266167759895325
0.07679751515388489
-0.4377644658088684
-0.06580480188131332
-0.08887793868780136
-0.00943692959845066
-0.010841937735676765
0.020988866686820984
-0.03617629036307335
-0.4905657172203064
-0.031097328290343285
-0.03234625235199928
-0.5343955755233765
-0.2200593203306198
-0.9631747603416443
-0.2253706306219101
0.04352317005395889
0.059600479900836945
-0.0543123297393322
-0.13295425474643707
-0.11600597202777863
0.03268168494105339
-0.08422010391950607
0.05241415277123451
-0.06308910250663757
-0.27519169449806213
-0.00794258527457714
-0.053951673209667206
-0.2020033448934555
-0.03852824494242668
0.021150214597582817
-0.06230497732758522
0.031112585216760635
-0.0407433956861496
0.030806176364421844
-0.07210706174373627
0.05968789383769035
0.015132826752960682
-0.010043220594525337
0.04502188041806221
0.07090511918067932
0.0065928297117352486
-0.021336432546377182
-0.08177901804447174
0.08437251299619675
0.019281873479485512
-0.40865451097488403
-0.16599585115909576
0.007173923309892416
0.07467392832040787
-1.1579558849334717
-0.4909459054470062
-0.008638907223939896
0.025081925094127655
-0.2170216292142868
-0.3061063885688782
0.053790029138326645
0.04781363904476166
-0.14785507321357727
-0.08463403582572937
-0.12590336799621582
-0.5566520094871521
-0.4066672921180725
-0.1531444936990738
-0.04510991647839546
-0.03595017269253731
-1.0657342672348022
-0.3358902037143707
-0.021364785730838776
0.08405894041061401
-0.13583317399024963
-0.29884785413742065
-0.08819659054279327
0.054045334458351135
-0.09849292039871216
0.07836027443408966
-0.00043811454088427126
-0.5458996891975403
-1.1287600994110107
-0.32643064856529236
-0.18180832266807556
0.13995018601417542
-1.1424647569656372
-0.3363513946533203
-0.030653269961476326
-0.0014401448424905539
-0.4212898910045624
-0.18279756605625153
-0.6382826566696167
-0.21405118703842163
-0.1599101573228836
-0.20039679110050201
-0.5784716606140137
-0.5345602631568909
0.02472296729683876
0.050331540405750275
-0.02771773189306259
0.03653416782617569
-0.02915654145181179
-0.05241698771715164
-0.00674279173836112
-0.029930217191576958
0.1487763226032257
-0.012016765773296356
0.011247506365180016
-0.0005168523639440536
0.02729138545691967
0.05680029094219208
0.016199596226215363
-0.013942105695605278
-0.04688148945569992
-0.005016096401959658
-0.031411439180374146
0.04312438890337944
-0.02973167411983013
0.001597668044269085
0.06683561950922012
-0.05092313885688782
0.03671761602163315
-0.05932234227657318
-0.016584767028689384
0.08927150070667267
0.017757613211870193
0.03176137059926987
0.026984814554452896
-0.0548529177904129
-1.4710981845855713
-0.2808621823787689
-0.02167513780295849
0.08867426216602325
-0.2741472125053406
-0.20162330567836761
0.05700383335351944
-0.04277763515710831
-0.15726985037326813
-0.045506108552217484
0.0016500001074746251
-0.557637095451355
0.03188295662403107
-0.06197186931967735
-0.2534663677215576
-0.61632239818573
-0.09294598549604416
-0.0070039862766861916
0.10660780221223831
-0.05503051355481148
-0.07242773473262787
0.009154234081506729
0.0020010629668831825
-0.017977459356188774
0.050909582525491714
0.0017085426952689886
-0.14713814854621887
-0.058029595762491226
-0.05264076963067055
-0.22092007100582123
-0.13822749257087708
-0.32121825218200684
-1.2619898319244385
-0.4074293375015259
-0.18383225798606873
0.11250076442956924
-1.0406476259231567
-0.38973864912986755
-0.15309672057628632
0.07739215344190598
-0.27356502413749695
-0.19388331472873688
-0.7799749374389648
-0.34613433480262756
-0.19519701600074768
-0.13643908500671387
-0.20152778923511505
-0.9837511777877808
-0.38093405961990356
-0.02951548993587494
-0.024767128750681877
0.006883020047098398
0.061293601989746094
-0.2629552483558655
-0.13790754973888397
-0.025378165766596794
-0.082191601395607
0.020654603838920593
-0.11605876684188843
-0.08646690845489502
0.037885937839746475
-0.04901678487658501
-0.7281767725944519
-0.1888379603624344
-0.8014054894447327
-0.13618044555187225
0.05419061332941055
-0.050166983157396317
-0.29948392510414124
-0.03916698321700096
0.14850357174873352
0.035398513078689575
-0.20018090307712555
-0.07156147062778473
-0.036268942058086395
-0.5462659001350403
0.037684518843889236
-0.18151959776878357
-0.2677684724330902
-0.6092419624328613
-0.027739346027374268
-0.012310242280364037
0.018023865297436714
0.08429669588804245
-0.33500275015830994
-0.005847325548529625
-0.14469528198242188
-0.004267276264727116
-0.259988933801651
0.08976061642169952
0.01172537449747324
0.1057981550693512
-0.12310010194778442
-0.01883174665272236
-0.6727953553199768
-0.026630407199263573
-0.04572809487581253
-0.0009007496992126107
-0.0095159150660038
-0.011609992943704128
-0.07620943337678909
-0.055214010179042816
0.02096833847463131
0.034524235874414444
-0.07980725169181824
-0.013923050835728645
0.07475676387548447
-0.03139476105570793
0.0014454755000770092
-0.0036448072642087936
-0.0956118106842041
0.03490778058767319
-0.5446521043777466
0.01840677112340927
-0.03751424700021744
0.042608000338077545
-0.22551339864730835
-0.004256629850715399
0.04195372015237808
0.09190700948238373
-0.019016746431589127
-0.03763969987630844
0.2559156119823456
0.03683498129248619
0.03998568654060364
-0.14085884392261505
-0.309366911649704
-0.22707009315490723
-1.2152223587036133
-0.2346646785736084
-0.053414229303598404
0.2255733758211136
-0.7108551859855652
-0.11133325099945068
0.012175890617072582
0.0057105207815766335
-0.1525425910949707
-0.1750813126564026
-0.011569448746740818
-0.25184255838394165
0.011230366304516792
-0.032030265778303146
-0.2742461562156677
-0.40771955251693726
-0.009974177926778793
0.08134918659925461
-0.09326626360416412
0.048406414687633514
0.018133070319890976
0.10727561265230179
-0.0011732429265975952
0.038799699395895004
-0.0384325310587883
-0.02312367781996727
-0.06521312147378922
0.05492901802062988
0.06594299525022507
-0.024632293730974197
-0.029175151139497757
-0.03191583603620529
-0.29399821162223816
-0.09968511015176773
0.08805442601442337
-0.016840294003486633
-1.1298013925552368
-0.43522098660469055
-0.3158864974975586
-0.13746361434459686
-0.37620827555656433
-0.23435960710048676
-0.07140065729618073
0.055838312953710556
-0.23554834723472595
-0.04759597033262253
0.008968018926680088
-1.0391273498535156
-0.05261673405766487
0.014230008237063885
-0.0052060578018426895
0.04724203422665596
0.022222021594643593
-0.06631915271282196
-0.004366836044937372
0.0032224280294030905
-0.0038397647440433502
-0.08269008994102478
-0.047900814563035965
0.0069147259928286076
0.02040499821305275
-0.049840934574604034
-0.010758250020444393
0.03777645528316498
0.05340096354484558
-0.008435677736997604
0.03386242687702179
0.038273885846138
-0.8680420517921448
-0.4202377200126648
-0.04989069700241089
-0.023620352149009705
-0.25813502073287964
-0.18469133973121643
0.06798569858074188
0.0012749789748340845
-0.10652220249176025
-0.07394751161336899
0.010634432546794415
-0.47647690773010254
-0.9026158452033997
-0.024885302409529686
-0.30711305141448975
0.049147218465805054
-0.32330122590065
-0.0037104294169694185
-0.009327217936515808
0.02418868988752365
-0.23687322437763214
-0.1059216782450676
-0.06481049954891205
-0.7873576879501343
-0.07480549812316895
0.010262561962008476
-0.04745979234576225
-0.1466442197561264
-1.0987614393234253
0.10649912804365158
-0.034039050340652466
-0.0428168810904026
-0.10855229198932648
-0.1304050236940384
-0.05292803421616554
0.005560694262385368
0.013785740360617638
0.0366496816277504
-0.002672992181032896
-0.38217902183532715
-0.03791254013776779
-0.012516975402832031
-0.25840047001838684
-0.6122796535491943
-0.3654518723487854
0.07261724025011063
-0.03012782149016857
0.05898448824882507
-0.022131573408842087
-0.006482453551143408
-0.060587767511606216
-0.002079460071399808
-0.03361785039305687
0.044512540102005005
0.01361171342432499
0.08704113215208054
-0.009200449101626873
-0.02770019695162773
-0.10392741858959198
-0.04006700962781906
-1.2598295211791992
-0.3691847026348114
-0.044498614966869354
0.13652721047401428
-0.24739080667495728
-0.21134689450263977
0.043799903243780136
-0.024874180555343628
-0.29922306537628174
-0.14386574923992157
0.019007714465260506
-0.6020452380180359
0.05531103536486626
-0.00507005862891674
-0.5137130618095398
-0.6413847208023071
-1.2545279264450073
-0.25579166412353516
-0.0011530095944181085
0.13671541213989258
-0.22272013127803802
-0.06245634704828262
0.11302998661994934
-0.020085960626602173
-0.2322005033493042
-0.01149936206638813
0.030403561890125275
-0.6131114959716797
-0.010466014966368675
-0.025398682802915573
-0.22886787354946136
-0.527958869934082
-0.12222728878259659
-0.08643338084220886
0.04915779083967209
0.08109544217586517
0.05539460852742195
-0.08613312244415283
0.06247306242585182
0.0007592728361487389
0.0772482305765152
-0.06583636999130249
-0.14631518721580505
-0.0025718158576637506
-0.025755515322089195
-0.11991333216428757
0.05999018996953964
-0.011486259289085865
-0.28820520639419556
-0.16525116562843323
-0.005181130487471819
0.07409504055976868
-1.0823661088943481
0.0004639823455363512
-0.37283259630203247
-0.07343581318855286
-0.19191887974739075
-0.14380252361297607
0.09780354797840118
0.0050448207184672356
0.028335008770227432
-0.025610268115997314
0.0024050590582191944
-1.0154399871826172
0.2563074231147766
0.4930461645126343
0.24970470368862152
-0.04332955181598663
0.6838922500610352
0.12740416824817657
0.20896299183368683
-0.005190749187022448
-0.24760818481445312
0.05753791704773903
0.3968977928161621
-0.008240125142037868
0.10067345947027206
0.2973245680332184
0.11625470221042633
0.00038990238681435585
0.24084414541721344
0.18159863352775574
0.06637600809335709
0.22427599132061005
-0.03371867537498474
-0.0061101471073925495
-0.08484265208244324
-0.0014370217686519027
-0.058999668806791306
-0.0367966927587986
-0.06035201996564865
0.41300728917121887
0.0041562397964298725
0.06069861352443695
0.12797413766384125
0.10121521353721619
-0.3068004250526428
0.10311473906040192
0.04909069836139679
0.018222173675894737
-0.2713702917098999
0.07509090006351471
-0.011452538892626762
-0.015589958056807518
-0.001421028864569962
-0.00029464770341292024
-0.09743610769510269
-0.08041820675134659
-0.02183580957353115
0.2334182858467102
0.08471877127885818
0.07092228531837463
0.18461963534355164
0.07602013647556305
0.021070485934615135
-0.03867947682738304
0.3723853826522827
0.007924633100628853
0.15717212855815887
0.05246110260486603
-0.25453194975852966
-0.23284798860549927
-0.3808073103427887
-0.014010104350745678
0.2284364104270935
0.15105769038200378
-0.30738118290901184
-0.152706116437912
0.23816372454166412
-0.21642622351646423
0.29612699151039124
0.04887859523296356
0.12100251019001007
-0.008548576384782791
0.194909006357193
-0.04321891441941261
-0.23110102117061615
-0.09888561069965363
0.006439964286983013
0.09623900800943375
0.06265632063150406
0.06563320010900497
0.28391727805137634
0.1368592083454132
0.38593873381614685
-0.03740301355719566
0.13960395753383636
-0.05986615642905235
-0.03448091819882393
-0.20480115711688995
0.0159236378967762
0.002398708136752248
0.03448684141039848
0.08813454955816269
-0.02392587997019291
-0.2266315519809723
-0.011195214465260506
0.10564971715211868
0.33372896909713745
0.04737140238285065
-0.3097207546234131
0.005078610964119434
-0.0398206003010273
0.06433996558189392
0.010392289608716965
0.09173627197742462
-0.027847155928611755
-0.005892390850931406
-0.09287358075380325
0.056013837456703186
-0.12401732057332993
-0.06411152333021164
0.00031863144249655306
0.060608383268117905
-0.4200263023376465
-0.044087935239076614
0.21939393877983093
0.19460901618003845
0.024532500654459
0.02910756878554821
0.4061025381088257
0.20404604077339172
0.07266422361135483
-0.06682559102773666
-0.13978689908981323
-0.06354285776615143
-0.3761956989765167
-0.018016312271356583
0.12625859677791595
0.1763043850660324
-0.00857705157250166
-0.24382205307483673
0.4973181188106537
0.158178448677063
0.05674437806010246
-0.03063204512000084
0.5403785705566406
0.14930713176727295
0.06118560954928398
0.028503496199846268
-0.02406071312725544
0.01722760871052742
-0.10670697689056396
-0.02044130116701126
0.09396222233772278
-0.012824112549424171
0.08341983705759048
0.06077149510383606
0.6251564025878906
0.09519354999065399
0.15279920399188995
-0.06623934209346771
0.3193299174308777
0.1670156568288803
0.047830574214458466
0.05501839518547058
0.020183462649583817
-0.05593547224998474
0.2829281687736511
-0.30499130487442017
0.21091052889823914
0.27718132734298706
0.633780837059021
-0.19501742720603943
0.05519198253750801
-0.02310178615152836
-0.02186637558043003
-0.06279259920120239
-0.026352517306804657
-0.048074860125780106
-0.00991051085293293
-0.036873746663331985
0.08543319255113602
-0.09035439044237137
-0.00515890633687377
0.02206978015601635
-0.0031064795330166817
-0.05937955528497696
0.023446673527359962
-0.04394417628645897
0.025745786726474762
-0.02396984025835991
-0.08187335729598999
0.04647491127252579
-0.11205276846885681
-0.08573942631483078
-0.0005641253083012998
0.001378047512844205
-0.04556559771299362
0.008788447827100754
-0.028574185445904732
-0.07300198078155518
0.00042347851558588445
0.024736372753977776
-0.08260617405176163
0.02800224907696247
0.6431047916412354
0.04064933955669403
0.16629253327846527
-0.07168664783239365
-0.1901131123304367
-0.07468707114458084
-0.11288628727197647
0.0488877035677433
0.19973795115947723
0.008720164187252522
0.06209709495306015
-0.41513708233833313
-0.01933356374502182
0.01231284998357296
0.42202499508857727
0.8780984282493591
0.12495209276676178
-0.11681486666202545
0.09572139382362366
-0.056651800870895386
-0.11344461888074875
-0.18117649853229523
-0.04690907523036003
-0.0332995280623436
-0.06399459391832352
-0.0036089110653847456
-0.26716408133506775
-0.006549340672791004
-0.0702703520655632
0.32826438546180725
0.04149356856942177
0.4242869019508362
0.789332926273346
0.33416834473609924
0.4511498808860779
-0.011096653528511524
0.35269424319267273
0.024832868948578835
0.20881542563438416
-0.05300786718726158
-0.10709116607904434
0.0023013600148260593
0.3705890476703644
-0.3474326729774475
0.17755724489688873
0.21358636021614075
-0.06101619079709053
0.1868351548910141
-0.1240047961473465
-0.22795596718788147
-0.013652456924319267
-0.015757033601403236
-0.23345555365085602
0.43796953558921814
0.14464329183101654
-0.000533024431206286
-0.08098790049552917
0.014908323995769024
0.07464882731437683
-0.28559866547584534
-0.0294296033680439
0.08967677503824234
0.5625199675559998
0.0576486699283123
0.13875071704387665
-0.09306522458791733
0.046422239392995834
0.14485377073287964
-0.11062568426132202
-0.11308213323354721
-0.1334538459777832
-0.014376013539731503
0.011410635896027088
-0.06373358517885208
-0.2153286188840866
0.0811619833111763
0.01782134920358658
0.1015072613954544
-0.10292942076921463
0.6348671317100525
-0.03863440826535225
-0.028146885335445404
0.0697125494480133
-0.03757281228899956
0.19812820851802826
-0.2008865922689438
0.18915098905563354
-0.013150802813470364
0.07550263404846191
-0.12782035768032074
-0.027457568794488907
-0.021810708567500114
0.09323519468307495
0.024021398276090622
0.4306280016899109
-0.030990878120064735
0.06874064356088638
0.02946263551712036
0.03266506269574165
-0.028159473091363907
-0.06445905566215515
-0.010295555926859379
0.3795216977596283
-0.08924750983715057
-0.14323610067367554
0.16788597404956818
-0.01342721376568079
0.015103413723409176
-0.00357304816134274
-0.004090407397598028
-0.08664143085479736
-0.011238625273108482
0.17087551951408386
-0.23795340955257416
0.016982266679406166
-0.027970092371106148
-0.028632109984755516
-0.07314864546060562
-0.0016812084941193461
-0.02483310177922249
-0.12440677732229233
-0.10828138887882233
-0.5132370591163635
-0.19110949337482452
-0.010144607163965702
0.1959560066461563
-0.2919894754886627
0.19932320713996887
0.7315495014190674
-0.00831444188952446
0.16537947952747345
-0.06171058490872383
0.012002311646938324
-0.1675187200307846
-0.04233698546886444
0.07025983184576035
0.0587613470852375
0.1373719871044159
-0.1315871924161911
-0.41035762429237366
0.0579887218773365
-0.00031458953162655234
0.356114000082016
0.23750348389148712
0.0006919590523466468
-0.011782171204686165
-0.06784979999065399
-0.00715669197961688
0.020649321377277374
0.03672102838754654
0.058249033987522125
0.04257136583328247
-0.059492290019989014
-0.007001611404120922
-0.06186327338218689
-0.07475442439317703
-0.09505210816860199
0.03757097199559212
0.07408256828784943
0.06174008920788765
0.3104354739189148
0.2035495787858963
0.03650582209229469
0.02049958147108555
0.25752073526382446
0.23764576017856598
0.35992398858070374
0.26529330015182495
0.003953223582357168
-0.12094379961490631
-0.18314115703105927
0.027596095576882362
0.17516012489795685
0.002058242680504918
-0.22846399247646332
0.3779639005661011
-0.008041667751967907
-0.10781963169574738
-0.03563953936100006
0.08235102891921997
-0.06779071688652039
0.007123308721929789
0.011496201157569885
-0.008350630290806293
-0.05446050688624382
-0.03275490552186966
-0.07435856759548187
0.010507450439035892
0.02057736925780773
0.04304572567343712
-0.04777900129556656
-0.054106704890728
-0.043485622853040695
-0.01569853350520134
-0.021627049893140793
0.034087903797626495
0.27252817153930664
0.0608585923910141
0.06735565513372421
-0.02397105284035206
0.0493028461933136
0.09043564647436142
-0.12108021974563599
0.0191179271787405
0.0423424169421196
0.12966996431350708
-0.04153157398104668
0.0270245261490345
0.2752247750759125
-0.14977282285690308
0.35530370473861694
-0.02037673443555832
0.17354844510555267
-0.08202220499515533
-0.09963762015104294
-0.008293178863823414
-0.09300092607736588
0.25037428736686707
-0.0040109059773385525
0.24267682433128357
0.027307696640491486
9.397451503900811e-05
-0.02641032449901104
0.2014390528202057
0.6773838400840759
-0.1384052038192749
0.1419750452041626
-0.018516290932893753
0.04152427613735199
-0.12817542254924774
0.034623198211193085
0.036869511008262634
0.0029666144400835037
0.011046413332223892
-0.004642311483621597
0.09781856834888458
0.03008779138326645
0.0069875568151474
0.29387494921684265
0.6927080750465393
0.14471282064914703
-0.33253321051597595
-0.053848084062337875
-0.019274985417723656
-0.1231004148721695
-0.07749710977077484
-0.006519578397274017
0.005621555261313915
0.0381089448928833
0.031275782734155655
0.00307116168551147
-0.1937285214662552
0.08089278638362885
0.024138659238815308
0.16356627643108368
0.04507667198777199
0.20027482509613037
0.032549887895584106
0.12180162221193314
-0.008719995617866516
-0.20196393132209778
-0.039379410445690155
-0.09974608570337296
-0.02243017591536045
0.03677872195839882
0.05430186539888382
0.014845495112240314
-0.37036970257759094
0.025731433182954788
0.008178282529115677
0.31466659903526306
0.879366934299469
0.6778393983840942
-0.024319138377904892
-0.039412446320056915
0.011930227279663086
0.041939087212085724
-0.1575741022825241
-0.04633265733718872
0.03725859895348549
0.22933313250541687
0.1374470293521881
0.07834818959236145
-0.2757573127746582
0.023838277906179428
0.027667300775647163
0.3259247839450836
0.7843773365020752
-0.1698150336742401
0.002822030335664749
-0.14994093775749207
-0.04416897892951965
-0.04919297993183136
0.023211853578686714
-0.05658337101340294
0.026057707145810127
-0.2136901617050171
0.03098899871110916
0.02553178369998932
-0.047652922570705414
0.005688123870640993
0.28083693981170654
-0.32844671607017517
-0.05095398426055908
0.4513647258281708
0.01332549937069416
0.017499074339866638
-0.00738416938111186
0.9206777215003967
-0.05615890026092529
0.4421275854110718
0.04662354663014412
0.06990037113428116
-0.06287767738103867
-0.018915310502052307
-0.022260434925556183
0.10643677413463593
-0.00944620929658413
-0.01889100670814514
0.5270414352416992
0.39286890625953674
0.5264979004859924
0.2083684206008911
0.019909614697098732
0.9368801116943359
0.23951095342636108
0.23224101960659027
-0.12282558530569077
0.10475890338420868
0.24619901180267334
0.5256397128105164
0.05200067535042763
0.10030415654182434
0.2529284954071045
0.16374266147613525
0.0364149771630764
0.3844929337501526
0.2891579270362854
0.060815516859292984
0.17683793604373932
0.172062486410141
0.3322090208530426
-0.09477570652961731
0.0290095005184412
0.0857832059264183
-0.047514189034700394
0.02843748964369297
0.3595571219921112
-0.028906049206852913
-0.029612839221954346
0.04644042253494263
0.09744681417942047
0.011648442596197128
0.06788059324026108
0.015243574976921082
-0.0671108067035675
-0.06050897389650345
0.10766115039587021
0.049207840114831924
-0.03246847540140152
-0.0962362289428711
0.027263030409812927
-0.02555382065474987
0.004700610414147377
0.02200574427843094
0.07323745638132095
0.11522305011749268
0.028902515769004822
0.5195095539093018
0.0945250391960144
0.00852059107273817
-0.03746692091226578
0.29682955145835876
-0.007976858876645565
0.2373153567314148
-0.02539912983775139
-0.08244841545820236
0.02459624595940113
-0.26828938722610474
-0.0433451384305954
0.12280482053756714
0.20146772265434265
-0.2825375497341156
-0.14472734928131104
0.38658949732780457
0.045516498386859894
0.2784826159477234
0.003628712147474289
0.501768946647644
-0.09526579827070236
0.16742128133773804
0.012665040791034698
-0.00767772039398551
-0.013550104573369026
0.012563156895339489
0.19416186213493347
0.07062869518995285
0.05862972512841225
0.3670891225337982
0.2324131727218628
0.4509710371494293
0.10632825642824173
0.02090275101363659
-0.11765434592962265
0.10530195385217667
0.15964719653129578
-0.045081328600645065
-0.009051586501300335
0.14040139317512512
0.12903061509132385
0.04398249834775925
-0.3159521818161011
-0.028354952111840248
-0.041013360023498535
0.23918063938617706
-0.03313329070806503
-0.02945956028997898
0.08856511116027832
-0.023380404338240623
-0.02331557497382164
-0.1729709655046463
0.059667352586984634
-0.11169524490833282
-0.0043656472116708755
-0.10806623846292496
0.05934586375951767
-0.2296898514032364
0.07311100512742996
0.010482348501682281
0.14909367263317108
-0.34371909499168396
-0.04708532616496086
0.3000437617301941
0.3093033730983734
0.008387289009988308
0.01994667574763298
0.7374546527862549
0.3418184518814087
0.05591535195708275
-0.0351242870092392
0.11796251684427261
0.3182665705680847
-0.276438444852829
0.048152320086956024
0.15736116468906403
0.12412811070680618
0.07290217280387878
-0.2700935900211334
0.4664590060710907
0.1390526443719864
0.043968383222818375
0.014843018725514412
0.4595200717449188
0.17517510056495667
0.14412222802639008
-0.0020040583331137896
0.22283391654491425
0.2623859643936157
-0.047926969826221466
0.09583330154418945
0.02949306182563305
0.009718858636915684
-0.032175224274396896
0.0546875037252903
0.7187362313270569
0.1986888349056244
0.26754966378211975
-0.045951154083013535
0.5821284651756287
0.3503098487854004
0.07619094103574753
0.00849160086363554
0.3593914210796356
-0.003916371613740921
0.2976762652397156
-0.41009724140167236
0.1814492791891098
0.21210721135139465
0.6139332056045532
-0.2319309413433075
0.03704751282930374
-0.007081454619765282
-0.0022754943929612637
-0.0028629093430936337
-0.0017961853882297873
-0.0020069763995707035
0.007825475186109543
-0.04532559961080551
-0.007433373015373945
-0.05228038132190704
0.06756702065467834
0.11496350169181824
0.0021865612361580133
-0.02403646521270275
0.037586331367492676
-0.05429372191429138
-0.03222671151161194
-0.017088036984205246
0.01824154146015644
0.012139949947595596
-0.0013511686120182276
0.016493992879986763
-0.13556256890296936
0.02826208807528019
-0.0026239019352942705
0.021143993362784386
-0.1269838511943817
0.022878482937812805
-0.060783203691244125
-0.023088032379746437
0.004561420064419508
-0.015489182434976101
0.814548909664154
0.2857220768928528
0.17791028320789337
-0.07976061850786209
0.20447415113449097
0.10601107776165009
-0.10234600305557251
-0.027866259217262268
0.2000182420015335
-0.012052449397742748
0.03790920972824097
-0.37914085388183594
-0.04546024277806282
-0.009735805913805962
0.3056046664714813
0.8641851544380188
0.2556353509426117
0.05510956048965454
0.06658739596605301
-0.012513893656432629
0.016949277371168137
-0.06340652704238892
-0.014090214855968952
-0.022275805473327637
-0.05738920345902443
0.017952946946024895
-0.28252607583999634
-0.032172877341508865
0.01699572615325451
0.20684389770030975
0.08517176657915115
0.38683465123176575
0.8119654059410095
0.5110613107681274
0.3982245624065399
-0.07301869243383408
0.6839488744735718
0.4267396926879883
0.22935180366039276
-0.13416168093681335
0.3674912452697754
0.13054031133651733
0.2787339687347412
-0.2420910894870758
0.03096713498234749
0.2543680965900421
-0.16005544364452362
0.20680011808872223
-0.025449544191360474
-0.03337659314274788
-0.006030892953276634
-0.041573889553546906
-0.002646391512826085
0.41003483533859253
0.23638887703418732
-0.006098002195358276
-0.05528927966952324
-0.030376465991139412
0.07376968115568161
-0.2890186011791229
-0.007955050095915794
0.06966877728700638
0.5883212089538574
0.18038763105869293
0.22547662258148193
0.055364012718200684
0.19179204106330872
0.1565292477607727
0.24443396925926208
0.018977828323841095
-0.05362631008028984
0.08643890172243118
0.12988467514514923
0.016067804768681526
-0.2680984437465668
-0.0389898382127285
0.009552191011607647
0.14577272534370422
-0.006505958735942841
0.576893150806427
0.05551851540803909
0.05872349813580513
0.012747423723340034
0.0021665464155375957
0.295251727104187
-0.08675982058048248
0.16404131054878235
-0.03350214287638664
0.20945054292678833
-0.05622880533337593
0.0024618417955935
0.10298245400190353
0.19885458052158356
-0.011732446029782295
0.38717249035835266
-0.04838649928569794
0.15867505967617035
-0.04902655631303787
-0.04412850737571716
0.0684017762541771
-0.012862649746239185
0.026849089190363884
0.30988773703575134
0.007181399501860142
0.1694023311138153
-0.007749496027827263
0.040509551763534546
0.020032893866300583
-0.04311424866318703
-0.06471778452396393
-0.10901816934347153
0.05237480252981186
0.3105410933494568
-0.1586010456085205
0.02640208788216114
0.03737802058458328
0.20021629333496094
-0.0009487862116657197
-0.13943280279636383
-0.025831378996372223
0.09569012373685837
0.00165255693718791
-0.5333145260810852
-0.2507847249507904
0.07393165677785873
0.181816965341568
-0.11448092758655548
0.2080281674861908
0.7054484486579895
0.08355230838060379
0.20455649495124817
-0.14130178093910217
0.4633992910385132
0.12669605016708374
-0.14238756895065308
0.04610736295580864
0.2766471207141876
0.22880655527114868
-0.05275753512978554
-0.3766862750053406
0.02599230967462063
-0.012296861037611961
0.3199710249900818
0.1781756728887558
0.025158841162919998
-0.012124535627663136
-0.022337164729833603
0.04554698243737221
0.04568132013082504
0.06967015564441681
0.04143085330724716
-0.09850684553384781
0.03096015565097332
0.05300997570157051
0.009870046749711037
0.06326528638601303
-0.023902414366602898
0.010230830870568752
-0.08289208263158798
0.02868318185210228
0.2988751530647278
0.23447860777378082
0.04721765220165253
0.05796266347169876
0.465871125459671
0.37217509746551514
0.3290080726146698
0.2885764241218567
0.302651971578598
0.22564297914505005
-0.03908126801252365
-0.02872120402753353
0.30924728512763977
0.0009553367272019386
-0.18602889776229858
0.3652685880661011
0.007724897004663944
-0.014661761932075024
0.02217068523168564
-0.07792096585035324
0.03249478340148926
0.006236477755010128
0.012833229266107082
0.019404320046305656
0.017273012548685074
0.014582917094230652
0.01528971828520298
0.0073624723590910435
-0.019873976707458496
-0.08988408744335175
-0.02417946793138981
-5.01833637827076e-05
-0.14920203387737274
0.025819597765803337
-0.0008348964620381594
-0.02375216782093048
0.3351583480834961
0.1411997675895691
0.08828571438789368
-0.01832006871700287
0.05615118891000748
0.33127573132514954
-0.15134908258914948
0.026530500501394272
0.13279175758361816
0.16846154630184174
-0.1605120599269867
0.013769589364528656
0.44051817059516907
-0.030628172680735588
0.27332180738449097
-0.03531192988157272
0.33249008655548096
-0.05073333904147148
-0.085972361266613
0.044870588928461075
0.11552755534648895
0.13336586952209473
-0.012945996597409248
0.29076090455055237
0.054274946451187134
0.003976751118898392
0.002407371997833252
0.16490185260772705
0.6710706949234009
0.01962258853018284
0.0592176653444767
-0.08820541948080063
0.21324729919433594
0.03499414771795273
-0.03670123219490051
0.07182338088750839
-0.05263916775584221
0.11362458020448685
0.010351152159273624
0.12963683903217316
-0.002227061428129673
-0.01770702749490738
0.104714035987854
0.790619969367981
0.11803434044122696
-0.13905352354049683
-0.03633134812116623
-0.056014284491539
-0.07154162973165512
0.07739727944135666
-0.022265251725912094
-0.03732646256685257
-0.00508855888620019
0.021259348839521408
-0.11059655994176865
-0.18026919662952423
0.09064985066652298
0.017912285402417183
0.01297829020768404
0.05030805990099907
0.43737319111824036
0.2593582570552826
0.17215843498706818
-0.059797391295433044
0.23784489929676056
0.25089025497436523
-0.059233713895082474
0.03928939998149872
0.27573806047439575
-0.006914779078215361
0.0763910636305809
-0.44526535272598267
0.022658858448266983
0.11685946583747864
0.2325851172208786
0.8866022825241089
0.710096001625061
0.05000001937150955
0.005691841710358858
-0.00117082754150033
0.32846400141716003
-0.06450106203556061
-0.09507818520069122
0.005752959288656712
0.2340119183063507
0.0321815051138401
0.03520786389708519
-0.20014144480228424
-0.006874329410493374
0.008063510991632938
0.2696034908294678
0.8203137516975403
0.06959981471300125
0.0840417817234993
-0.04616282135248184
-0.02503078617155552
-0.049348171800374985
0.03532616049051285
-0.05863624066114426
-0.04102332517504692
-0.07458101212978363
0.03523307293653488
-0.002138610230758786
-0.06711790710687637
0.03488684445619583
0.12919683754444122
-0.29116615653038025
0.034932754933834076
0.41744181513786316
0.06662305444478989
-0.01917300373315811
0.055504210293293
0.877842128276825
-0.076985202729702
0.40523478388786316
0.013399578630924225
0.43443360924720764
0.02914734184741974
-0.012025479227304459
0.04000483825802803
0.0750734806060791
0.01968991756439209
0.02810204029083252
0.6149221658706665
-0.5335729718208313
-0.37589672207832336
-0.25375762581825256
0.014529779553413391
-1.4144448041915894
-0.43427735567092896
-0.13233500719070435
-0.04865824431180954
-0.14054331183433533
-0.28521499037742615
-0.6733800172805786
-0.011797294020652771
-0.03924265503883362
-0.28304779529571533
-0.15189090371131897
-0.7578787803649902
-0.8914618492126465
-0.1879899799823761
-0.07861582934856415
-0.24283842742443085
-0.1219797432422638
-0.18518491089344025
0.022356683388352394
0.02044999599456787
-0.14442668855190277
0.013288680464029312
0.007598612457513809
-0.6205785274505615
0.005874293390661478
0.0010893880389630795
-0.20245252549648285
-0.16779322922229767
-0.003604133613407612
0.0055484771728515625
-0.09432892501354218
-0.02322125807404518
-0.007185736205428839
-0.12307831645011902
-0.019955813884735107
0.02195274457335472
-0.021021705120801926
0.07596223801374435
-0.1848709136247635
-0.01937606930732727
-0.017071818932890892
-0.2142077535390854
-0.16887250542640686
-0.17149761319160461
-0.7175319194793701
-0.15075528621673584
-0.02842407487332821
-0.009451281279325485
-0.9801456332206726
-0.24554866552352905
-0.22206412255764008
-0.12177910655736923
-0.1169012263417244
-0.19337549805641174
0.088582344353199
0.008047983050346375
-0.1119510605931282
-0.17397160828113556
-0.10268870741128922
-0.39637935161590576
-0.9224086403846741
-0.033433519303798676
-0.3354363739490509
0.004792780615389347
-0.4479125440120697
0.018183128908276558
-0.20079919695854187
-0.003971895668655634
-0.050547514110803604
0.023585926741361618
-0.060437485575675964
-0.5651950240135193
-0.04695070907473564
0.04804166406393051
-0.4203444719314575
-0.19708502292633057
-0.9453712701797485
-0.14979375898838043
-0.046246130019426346
-0.018154334276914597
-0.1935814768075943
-0.12611664831638336
-0.12124298512935638
-0.0060193599201738834
-0.08173099905252457
-0.04248838871717453
0.021768245846033096
-0.3820853531360626
0.019902179017663002
-0.03454851731657982
-0.1278374344110489
-0.034371986985206604
-0.0051699052564799786
0.01396796852350235
-0.03307221457362175
0.005093228071928024
-0.00489368662238121
-0.11240958422422409
0.012211955152451992
-0.017982186749577522
0.024517452344298363
-0.007606448605656624
-0.08274606615304947
-0.0005020835669711232
0.01836802251636982
-0.07653990387916565
0.02861500158905983
-0.06658843159675598
-0.3639914393424988
-0.1811022162437439
0.03113781102001667
0.051847778260707855
-1.2016383409500122
-0.503270149230957
-0.017595646902918816
-0.16076849400997162
-0.26800721883773804
-0.36089026927948
0.004654236137866974
-0.009213033132255077
-0.055364664644002914
-0.06730283796787262
-0.10787348449230194
-0.5259265303611755
-0.5041323304176331
-0.14439471065998077
-0.04377952218055725
0.006365832407027483
-1.1537114381790161
-0.24384084343910217
-0.014696772210299969
-0.10281086713075638
-0.17939797043800354
-0.3273082673549652
0.006018433254212141
-0.036432500928640366
-0.025465015321969986
-0.061846137046813965
0.06592314690351486
-0.4871771037578583
-1.0887272357940674
-0.3520999550819397
-0.23540322482585907
0.04530102014541626
-1.2044899463653564
-0.3983863592147827
-0.1544446349143982
-0.08189183473587036
-0.4147671163082123
-0.17985159158706665
-0.7513113617897034
-0.2005988508462906
-0.13940544426441193
-0.22165660560131073
-0.5817388296127319
-0.6060776710510254
-0.023913731798529625
0.027780605480074883
0.019574524834752083
-0.04338159039616585
-0.03214382380247116
-0.052021659910678864
-0.029238654300570488
-0.05908948555588722
0.031172316521406174
-0.10980755090713501
0.024999191984534264
0.06142362952232361
0.04504341632127762
-0.007819972932338715
-0.06206151843070984
-0.0067992745898664
-0.0171637125313282
-0.012831559404730797
-0.028348812833428383
0.04836205765604973
0.0002527170581743121
-0.000628194073215127
0.04434983804821968
0.004114083480089903
0.027512280270457268
0.05684800446033478
-0.017570804804563522
-0.05631900578737259
-0.08614286780357361
0.010713538154959679
-0.1213274747133255
-0.09349599480628967
-1.427531361579895
-0.40362387895584106
-0.12008851021528244
-0.03626469895243645
-0.23144932091236115
-0.24006964266300201
-0.02482321858406067
-0.059083279222249985
-0.19389256834983826
0.04732837155461311
-0.012278512120246887
-0.4398278295993805
0.036253444850444794
-0.011662936769425869
-0.23533391952514648
-0.7162315249443054
-0.16035374999046326
-0.024962127208709717
-0.06806698441505432
0.012773394584655762
0.03138599172234535
-0.04338556155562401
-0.027623293921351433
0.03448381647467613
-0.00940497312694788
0.016136055812239647
-0.07373189181089401
-0.04308927431702614
-0.0170492734760046
-0.17841123044490814
-0.20546767115592957
-0.24615409970283508
-1.3007405996322632
-0.564200758934021
-0.4688228964805603
-0.09267700463533401
-1.0619475841522217
-0.46550774574279785
-0.20321649312973022
-0.11588612198829651
-0.25005903840065
-0.1512245386838913
-0.7785787582397461
-0.28045326471328735
-0.06991013139486313
-0.1967839002609253
-0.2259436696767807
-1.0108888149261475
-0.44593584537506104
0.0842997282743454
-0.036836542189121246
0.04735955223441124
-0.006029164418578148
-0.34867924451828003
-0.20624592900276184
-0.08080260455608368
-0.047640495002269745
0.034105125814676285
-0.014286410063505173
-0.09554556012153625
-0.058786727488040924
0.036957353353500366
-0.7062028050422668
-0.19616787135601044
-0.9065081477165222
-0.2325085699558258
-0.0991964042186737
-0.14431560039520264
-0.20995350182056427
-0.21585528552532196
0.08262645453214645
-0.05796815827488899
-0.19390898942947388
-0.05930178239941597
-0.08759233355522156
-0.4043225944042206
0.003057240741327405
-0.1420978158712387
-0.126943439245224
-0.6592977046966553
0.025389008224010468
0.022818854078650475
-0.02871338278055191
-0.04608427360653877
-0.29685625433921814
0.10026633739471436
-0.2333839386701584
-0.05891517177224159
-0.22011493146419525
0.06796697527170181
-0.02733808383345604
-0.043462298810482025
-0.11809027940034866
-0.01862870343029499
-0.6953079104423523
0.015227807685732841
-0.0718541145324707
0.0021715324837714434
0.004994106944650412
-0.03896307945251465
-0.005745416507124901
-0.027807053178548813
-0.2436937838792801
0.014431561343371868
-0.11390316486358643
-0.06127304211258888
0.06247616931796074
-0.010939059779047966
0.04273717850446701
0.020500538870692253
-0.3152785897254944
0.03273295983672142
-0.6181899905204773
0.03948216140270233
-0.10131409764289856
-0.029973670840263367
-0.2845591902732849
0.01338775735348463
-0.0666353851556778
0.029243577271699905
-0.08059433847665787
-0.09149300307035446
0.21856214106082916
-0.09551375359296799
-0.1017928346991539
-0.10478080064058304
-0.23571401834487915
-0.22807379066944122
-1.2777059078216553
-0.3005582094192505
-0.2077474147081375
0.00015691907901782542
-0.6407890915870667
-0.1240006536245346
-0.051495663821697235
-0.054975707083940506
-0.2079944610595703
-0.2752038240432739
-0.07447778433561325
-0.26560690999031067
-0.008721493184566498
-0.004034661687910557
-0.21714866161346436
-0.4499351978302002
0.01796713098883629
-0.05361460894346237
0.017727740108966827
-0.014356551691889763
0.035700760781764984
0.053292423486709595
-0.0133689409121871
0.051929231733083725
0.02987162582576275
-0.014249356463551521
0.03019777126610279
0.006553406827151775
0.0027157310396432877
0.007193183992058039
-0.007762055844068527
-0.060339588671922684
-0.2844194173812866
-0.1278788447380066
0.06855081021785736
-0.012353179045021534
-1.194673776626587
-0.44178447127342224
-0.3093637526035309
-0.3493465781211853
-0.3719143867492676
-0.22739842534065247
-0.0021883633453398943
0.07023935765028
-0.22759665548801422
-0.14894475042819977
-0.045282162725925446
-0.8976378440856934
-0.02557976543903351
-0.018687834963202477
0.034306611865758896
-0.0328688845038414
0.08068851381540298
-0.07447995990514755
-0.0269194096326828
0.0030707840342074633
-0.025368617847561836
0.07131709903478622
-0.00873004924505949
0.002171538071706891
-0.050572469830513
-0.045291122049093246
0.03895047679543495
-0.08557974547147751
-0.027489567175507545
0.0918503925204277
0.029137440025806427
-0.009701150469481945
-0.9151620268821716
-0.361055463552475
-0.06256800889968872
-0.18693213164806366
-0.24841450154781342
-0.3445107042789459
0.051792681217193604
-0.012237681075930595
-0.06413958966732025
-0.10702195763587952
0.023974213749170303
-0.3945053517818451
-1.051327109336853
0.012920419685542583
-0.28978291153907776
0.038834575563669205
-0.33481481671333313
0.02376183122396469
0.07951725274324417
-0.013507365249097347
-0.1213681623339653
-0.16418111324310303
-0.011690913699567318
-0.7207223176956177
0.02920467033982277
-0.08013541251420975
-0.17190225422382355
-0.18166543543338776
-1.0486352443695068
0.1360553354024887
-0.12249677628278732
0.031281728297472
-0.14651036262512207
-0.12771514058113098
0.03871579095721245
-0.005628595594316721
-0.052784863859415054
0.002999742515385151
0.0037337809335440397
-0.4400806128978729
0.050394874066114426
-0.079404316842556
-0.2928033769130707
-0.5496453046798706
-0.4265238642692566
0.03456101939082146
0.010530645027756691
-0.015063037164509296
0.04806751012802124
0.025961948558688164
0.019771715626120567
0.06987554579973221
0.08299816399812698
-0.06796541810035706
-0.015754589810967445
0.046385250985622406
0.008487071841955185
0.08137106150388718
-0.08351963758468628
-0.12349776178598404
-1.4044047594070435
-0.5468322038650513
-0.12159736454486847
-0.07566237449645996
-0.1375533789396286
-0.1646377593278885
-0.064278244972229
0.019547753036022186
-0.2777230739593506
-0.11944157630205154
-0.03839603066444397
-0.44415953755378723
-0.06672075390815735
-0.06403041630983353
-0.4246227443218231
-0.6254909038543701
-1.2125693559646606
-0.2608896493911743
0.002517716959118843
-0.03518436849117279
-0.22191588580608368
-0.09468721598386765
0.09090941399335861
-0.02312006801366806
-0.11905213445425034
-0.02028231881558895
0.05305178090929985
-0.6037703156471252
-0.036255914717912674
-0.03258534148335457
-0.3132399916648865
-0.7396816611289978
-0.08218495547771454
-0.07789771258831024
0.020265545696020126
-0.05588189512491226
0.014578422531485558
-0.04071316123008728
-0.03115084022283554
0.00838775746524334
0.036759573966264725
-0.030917400494217873
-0.2630224823951721
-0.019793018698692322
-0.04867317155003548
-0.10843584686517715
0.003982847090810537
0.11224047094583511
-0.30854588747024536
-0.05703034624457359
-0.011813308112323284
-0.013302994892001152
-1.1643239259719849
0.12810920178890228
-0.3678170442581177
0.082796111702919
-0.15828710794448853
-0.04547883942723274
0.06312309950590134
-0.026446009054780006
-0.024368979036808014
-0.02737140655517578
0.03392540290951729
-0.9421641230583191
0.16386963427066803
0.3504143953323364
0.20171840488910675
0.07554939389228821
0.9128441214561462
0.16984939575195312
-0.03264865279197693
-0.12960028648376465
-0.24603389203548431
0.2815554738044739
0.4228411018848419
-0.04371320828795433
0.15461793541908264
0.08597677946090698
0.13006435334682465
0.021124109625816345
0.4026448428630829
0.2550690174102783
0.020436938852071762
0.20156754553318024
-0.031865399330854416
0.2323305457830429
-0.11330126971006393
0.002246558666229248
0.015473921783268452
-0.017387645319104195
0.010411756113171577
0.20522336661815643
0.04428182169795036
-0.055603962391614914
0.004843775648623705
0.07800176739692688
-0.31792619824409485
0.02803010866045952
0.030828852206468582
0.010292504914104939
-0.07175809890031815
-0.03270919248461723
-0.061652135103940964
-0.0073221605271101
0.03181009739637375
-0.035460926592350006
-0.09232459217309952
-0.022216783836483955
-0.011443927884101868
0.09669918566942215
0.17432890832424164
0.09071021527051926
0.33199188113212585
0.014129766263067722
0.027535272762179375
0.01777724362909794
0.3232713043689728
-0.1484358161687851
-0.07478789985179901
0.04041824862360954
-0.11548912525177002
0.024965526536107063
-0.39071112871170044
0.0032666639890521765
0.15394456684589386
0.11803923547267914
-0.29982176423072815
-0.19125007092952728
0.3682888150215149
-0.3140924274921417
0.11185688525438309
-0.07656693458557129
0.15212854743003845
-0.04964929819107056
0.17362889647483826
-0.020114921033382416
0.07120610773563385
0.033857643604278564
-0.022978046908974648
0.08295489102602005
0.08869943767786026
0.03160947188735008
0.19235676527023315
0.18883711099624634
0.4307895004749298
0.007390579208731651
0.013456038199365139
-0.006817137822508812
0.03211641311645508
0.18938855826854706
0.0792573019862175
0.017407748848199844
0.05397902801632881
0.042771048843860626
0.02970258705317974
-0.2693614065647125
-0.053143251687288284
0.059526268392801285
0.06636521220207214
0.007154583465307951
-0.2892489433288574
-0.10662729293107986
0.013750203885138035
-0.012212078087031841
-0.14381331205368042
-0.08606936782598495
-0.026952898129820824
0.027369888499379158
-0.07309310883283615
0.1056978777050972
-0.16409295797348022
-0.08485519140958786
-0.029934434220194817
0.019184598699212074
-0.3517623841762543
0.042893487960100174
0.15163488686084747
0.10772781819105148
-0.010505507700145245
0.01947696879506111
0.5676941871643066
0.2768770456314087
-0.13367676734924316
-0.14761069416999817
-0.14806051552295685
0.05702822282910347
-0.343025267124176
-0.06647669523954391
0.10557986050844193
0.030635667964816093
0.09716419130563736
-0.23274050652980804
0.5089330077171326
0.17734865844249725
0.05022842437028885
0.010871106758713722
0.440468430519104
0.08109153807163239
-0.11213208734989166
0.0027402557898312807
0.044913046061992645
0.2610240876674652
-0.024489356204867363
-0.07759237289428711
0.049919113516807556
-0.013620773330330849
0.016730481758713722
0.01558817457407713
0.7889570593833923
0.008754453621804714
0.060200560837984085
-0.09718762338161469
0.37808504700660706
0.3513745069503784
-0.13172344863414764
0.020878907293081284
0.03901348635554314
0.03266437351703644
0.37306174635887146
-0.23955190181732178
0.2406337708234787
0.042980119585990906
0.47372788190841675
-0.16094180941581726
-0.05972292274236679
-0.03128799796104431
-0.06332313269376755
0.0033215677831321955
-0.05168560519814491
-0.05269014090299606
-0.03278958424925804
0.030111920088529587
0.0011959931580349803
-0.059507694095373154
0.001874069799669087
-0.011622018180787563
-0.06660175323486328
-0.015796005725860596
0.012328440323472023
-0.0670650377869606
-0.05809037387371063
-0.000694441027007997
-0.06279107928276062
-0.021641358733177185
-0.03776434063911438
-0.14928096532821655
0.004120161756873131
0.0440252423286438
0.012169401161372662
-0.14553576707839966
-0.028740067034959793
-0.001138661871664226
0.004006285220384598
-0.06811446696519852
-0.09239135682582855
0.034100815653800964
0.7122604846954346
0.05099315941333771
-0.21380102634429932
-0.16358624398708344
0.01589627005159855
0.21401192247867584
-0.14838331937789917
0.015231580473482609
0.24715182185173035
-0.01997501403093338
-0.003848023246973753
-0.25284498929977417
-0.003915494307875633
0.003746243892237544
0.14506077766418457
1.0002355575561523
0.15970800817012787
-0.051981572061777115
-0.0616893470287323
0.03332904726266861
-0.011184357106685638
-0.1521904617547989
0.03120551072061062
0.046548765152692795
0.00810658372938633
0.07959295064210892
-0.31742730736732483
0.011259909719228745
-0.03904128447175026
0.14535656571388245
0.1042935848236084
0.2657579481601715
0.8172587752342224
0.18859922885894775
0.22012056410312653
-0.09807772934436798
0.5532315373420715
0.33816415071487427
-0.029854293912649155
-0.08674634993076324
0.061861444264650345
0.2328997254371643
0.20440539717674255
-0.27407512068748474
0.2299720048904419
0.14629553258419037
-0.18087491393089294
0.16269437968730927
-0.0793713629245758
-0.22497503459453583
-0.19535180926322937
0.009480716660618782
-0.2445995807647705
0.23488551378250122
0.21580466628074646
-0.005745036993175745
-0.02356540597975254
0.02914312109351158
0.06090585142374039
-0.2409781515598297
-0.0031544810626655817
0.10104471445083618
0.48288407921791077
0.12855656445026398
0.04713081568479538
-0.1006985679268837
-0.12980929017066956
0.1845630258321762
-0.08202274143695831
0.041949719190597534
-0.09104469418525696
-0.01685797981917858
0.23004214465618134
-0.08159540593624115
-0.27759936451911926
0.06711279600858688
-0.0326564647257328
0.04660606384277344
-0.1792774200439453
0.6390981078147888
-0.02846686728298664
-0.013084151782095432
-0.05089631676673889
-0.015929436311125755
0.21785995364189148
-0.13022209703922272
0.06946533918380737
0.001249236986041069
0.1557280719280243
-0.03418828174471855
-0.017739517614245415
-0.03850528225302696
0.19859884679317474
-0.040340159088373184
0.373857706785202
-0.09643536806106567
0.11831529438495636
0.0060657840222120285
0.03336900845170021
0.027737237513065338
-0.03653772175312042
-0.16938485205173492
0.1903497278690338
0.0589890331029892
0.1096680611371994
0.09665776789188385
0.01819736883044243
-0.07233346253633499
-0.073971688747406
-0.025688208639621735
-0.07460465282201767
0.024833939969539642
0.20035412907600403
-0.2829078733921051
-0.06290897727012634
-0.01198515109717846
0.02552063763141632
-0.18033219873905182
-0.09381131082773209
-0.03128810226917267
0.16992636024951935
-0.08679646253585815
-0.50696861743927
-0.2965693771839142
-0.01911957561969757
0.08748576045036316
-0.25780391693115234
0.324465274810791
0.6848140954971313
-0.01728026010096073
-0.004139767959713936
-0.10324810445308685
0.14503973722457886
0.06193917617201805
-0.121466264128685
-0.01571466773748398
0.20819011330604553
0.347381591796875
-0.07833889126777649
-0.39002811908721924
0.06641978770494461
0.12878040969371796
0.1757318377494812
0.18254238367080688
0.02857098914682865
0.06251322478055954
-0.0206423532217741
-0.01229992788285017
0.006222723983228207
-0.012817934155464172
-0.019398793578147888
-0.04012414813041687
-0.08143797516822815
0.04134000837802887
-0.014882154762744904
0.048808932304382324
-0.10283965617418289
0.05511322617530823
-0.05366018787026405
-0.08667057752609253
0.42733049392700195
0.1207781508564949
0.04810448735952377
-0.07053030282258987
0.4808109402656555
0.2976715564727783
0.15186822414398193
0.26334869861602783
0.15305238962173462
0.13770608603954315
-0.0008067897870205343
-0.010265693068504333
0.39355525374412537
0.07156691700220108
-0.1588037759065628
0.3349829912185669
-0.09698057174682617
0.08616754412651062
-0.03979412466287613
0.04169178754091263
-0.05003833398222923
0.042453888803720474
-0.02634599804878235
0.044230908155441284
0.065236397087574
-0.09159674495458603
0.008162078447639942
-0.011691666208207607
-0.054725632071495056
0.04497617483139038
-0.04191461578011513
-0.014732876792550087
-0.058097340166568756
-0.09391554445028305
-0.012917711399495602
-0.0038600931875407696
0.2854720652103424
0.2019527107477188
-0.10212679952383041
0.08261194825172424
-0.045938923954963684
0.1941782385110855
-0.17518064379692078
0.05917159095406532
0.16636867821216583
0.006190090905874968
-0.06651198863983154
-0.017573125660419464
0.38863325119018555
-0.3599205017089844
0.03157902881503105
0.018636852502822876
0.20056560635566711
-0.03592168167233467
-0.06293017417192459
-0.011412719264626503
0.05931797996163368
0.22841407358646393
-0.040726449340581894
0.27048569917678833
0.0022884616628289223
0.06815637648105621
-0.3499504327774048
0.2067088633775711
0.6251314282417297
-0.16786852478981018
-0.04734598100185394
-0.02463998645544052
-0.006178200710564852
-0.01673429273068905
-0.053091589361429214
-0.024120038375258446
0.0702262669801712
0.02362653613090515
0.0027844037394970655
0.1755603402853012
-0.03271203488111496
0.04513338953256607
0.05105949565768242
0.7571377754211426
0.21477840840816498
-0.2855006456375122
-0.0962277427315712
-0.04576553404331207
-0.2194436937570572
-0.022423410788178444
-0.04724980518221855
-0.04764741659164429
-0.01930924504995346
0.00987964402884245
-0.004469568375498056
-0.10272116959095001
0.005461391061544418
-0.007117000874131918
0.019906513392925262
0.07796809077262878
0.29843834042549133
0.02276359312236309
-0.08832540363073349
-0.1271577775478363
-0.13992328941822052
0.17939192056655884
-0.022066252306103706
0.04206337779760361
0.3131251335144043
0.05637609586119652
0.003590010805055499
-0.37816476821899414
0.02786693535745144
0.039394356310367584
-0.006912298034876585
0.8059696555137634
0.7172260880470276
-0.06275772303342819
-0.1560138761997223
-0.0389670804142952
0.03963052108883858
-0.1224716529250145
-0.07551689445972443
0.04054001718759537
0.3013831377029419
0.03023587353527546
0.009163417853415012
-0.1502145528793335
-0.01869412139058113
0.022483842447400093
0.14738903939723969
0.8750532269477844
-0.1373099982738495
-0.13744083046913147
-0.05075947940349579
0.07671879976987839
-0.17578309774398804
-0.016009004786610603
-0.02207113988697529
0.03018231689929962
-0.11445221304893494
-0.029227489605545998
0.0517822690308094
0.032957542687654495
-0.10467750579118729
0.04419931769371033
-0.2800193428993225
-0.021833889186382294
0.3754447400569916
0.06959053128957748
-0.06578028947114944
0.0554237961769104
0.8757399320602417
-0.24795487523078918
0.2630153298377991
-0.0055746049620211124
0.13367407023906708
0.006304360460489988
-0.166265606880188
-0.053707413375377655
0.1216978207230568
-0.01162917260080576
-0.04701405018568039
0.4912995994091034
0.4020509421825409
0.561108410358429
0.22449824213981628
-0.06963904201984406
0.8147873282432556
0.46234098076820374
0.14050795137882233
-0.11258243024349213
0.19718420505523682
0.25181418657302856
0.5795880556106567
-0.031929317861795425
0.07437068969011307
0.2290651798248291
0.09700874239206314
0.1357061266899109
0.40741774439811707
0.2874804735183716
-0.018948128446936607
0.26315999031066895
0.11887213587760925
0.19882307946681976
-0.02777383290231228
0.014503123238682747
0.10500238090753555
-0.008493559435009956
-0.0008369219140149653
0.4749738574028015
-0.010313336737453938
0.012474257498979568
-0.02777087688446045
0.09260062873363495
0.0335102342069149
0.09944144636392593
0.09798817336559296
0.04019734635949135
0.11410867422819138
0.08278503268957138
-0.0748177096247673
-0.015164845623075962
-0.014975759200751781
0.04220897704362869
-0.10322677344083786
-0.017540782690048218
0.06392543017864227
0.19752873480319977
0.14239875972270966
0.1436505764722824
0.49603623151779175
0.11491042375564575
0.05355188250541687
0.03408168628811836
0.31021082401275635
0.01543826051056385
0.20679809153079987
0.06842964887619019
-0.026712505146861076
0.057152159512043
-0.48928242921829224
0.08859427273273468
0.10912125557661057
0.18052008748054504
-0.14085227251052856
-0.05100524052977562
0.3483506739139557
-0.06509338319301605
0.3954162001609802
0.036947544664144516
0.4246533215045929
-0.06932678818702698
0.2912347912788391
0.010941938497126102
-0.007044130004942417
0.044507309794425964
0.05772758275270462
0.19181948900222778
0.020472628995776176
0.03257709741592407
0.33987659215927124
0.21410313248634338
0.45410996675491333
0.11298203468322754
0.016117503866553307
-0.06649622321128845
0.2827322781085968
0.0923379585146904
-0.04201323166489601
0.004822949878871441
0.06193045154213905
-0.0017178001580759883
6.459056749008596e-05
-0.1492677479982376
0.028245218098163605
-0.06843184679746628
0.29114606976509094
0.056321095675230026
-0.03022240474820137
0.07767665386199951
-0.04653638228774071
0.03236132860183716
-0.04268083721399307
0.03493574634194374
-0.0010726419277489185
-0.04230165481567383
-0.03408236429095268
0.00659848703071475
-0.29128560423851013
0.002218153327703476
-0.003703176509588957
0.11249483376741409
-0.24420416355133057
0.11773592233657837
0.40018028020858765
0.2813572883605957
0.03356696292757988
0.03578063100576401
0.6433538794517517
0.31899625062942505
0.0033895636443048716
-0.00926697812974453
0.1667032092809677
0.26033809781074524
-0.26242363452911377
0.021810879930853844
0.23524922132492065
0.17695561051368713
0.09259974956512451
-0.08250061422586441
0.3819577097892761
0.19330832362174988
0.07949555665254593
-0.023388026282191277
0.5925500988960266
0.18594399094581604
0.04141264781355858
0.00663825124502182
0.35895398259162903
0.2788572311401367
-0.08137410879135132
-0.005096155684441328
0.04894031211733818
-0.05591650679707527
0.011772806756198406
0.204627126455307
0.7182987332344055
0.17139053344726562
0.25419750809669495
0.010763399302959442
0.5636014342308044
0.36980363726615906
-0.018102768808603287
0.06761331111192703
0.37862589955329895
0.11118054389953613
0.45630887150764465
-0.1792309284210205
0.14789484441280365
0.17920741438865662
0.4660303592681885
-0.0954197347164154
-0.054707128554582596
0.09632936120033264
0.008194921538233757
-0.0109274135902524
0.006698311772197485
0.024652188643813133
0.0037821312434971333
-0.020922280848026276
-0.0610809288918972
-0.06914814561605453
0.04989883676171303
0.02683199755847454
-0.060174476355314255
0.019636429846286774
-0.02643589861690998
-0.07608949393033981
-0.0442478209733963
0.03955418989062309
0.017114119604229927
0.11538348346948624
-0.12465932220220566
-0.04730299487709999
-0.022113287821412086
0.06100902333855629
-0.026655353605747223
0.007201524917036295
-0.059152595698833466
0.049549300223588943
0.010431415401399136
0.052749793976545334
-0.08104585856199265
-0.010660812258720398
0.6721187829971313
0.28411993384361267
0.014240854419767857
-0.006870056968182325
0.24031125009059906
0.11168455332517624
-0.06521002948284149
0.03054910898208618
0.30330362915992737
0.10898923128843307
0.06376080214977264
-0.1237478107213974
-0.009328565560281277
0.08774738758802414
0.27769628167152405
0.8734238743782043
0.15739911794662476
-0.10986855626106262
0.03331863880157471
0.07184401154518127
0.05798104405403137
-0.052902091294527054
0.005629061721265316
-0.008072283118963242
0.03045208565890789
0.034027665853500366
-0.40100887417793274
-0.02111365646123886
-0.03684002533555031
0.1045757457613945
0.1302163004875183
0.36592039465904236
0.864040195941925
0.4888409674167633
0.4910595417022705
-0.016945434734225273
0.6832892298698425
0.4232195317745209
0.2653559148311615
-0.05386122688651085
0.361725389957428
0.2915355861186981
0.5128839612007141
-0.09196227043867111
0.1810089349746704
0.25453752279281616
-0.1287032812833786
0.15965363383293152
-0.015812089666724205
-0.024487001821398735
-0.01548244059085846
-0.06626225262880325
0.06869685649871826
0.41225552558898926
0.1595224291086197
0.04279407486319542
0.0027603143826127052
-0.02632801979780197
0.11298606544733047
-0.16066159307956696
0.09076620638370514
0.015605445019900799
0.5167057514190674
0.09989488124847412
0.08366993814706802
0.08377300947904587
0.06194394826889038
0.23410357534885406
0.3935490548610687
0.13831712305545807
-0.13155968487262726
0.09319980442523956
0.12106218189001083
0.01562413014471531
-0.33015456795692444
0.26706382632255554
-0.010993925854563713
0.023637577891349792
-0.07720161229372025
0.5191611647605896
0.015416382811963558
0.014320692978799343
0.040045853704214096
0.025188589468598366
0.193038672208786
-0.10446339100599289
0.2083340585231781
-0.0033830495085567236
0.1620853692293167
-0.09350503236055374
0.0134044224396348
-0.05300522968173027
0.142373189330101
-0.07508620619773865
0.4662269949913025
-0.0041120401583611965
0.1315431445837021
-0.05352957174181938
-0.061605583876371384
-0.030243603512644768
-0.0369492769241333
0.015048159286379814
0.34829574823379517
0.006137734744697809
0.08879963308572769
0.04130534827709198
-0.0008796215988695621
-0.02088824287056923
0.06041789799928665
-0.04678339138627052
0.18341416120529175
0.04817929491400719
0.37996211647987366
-0.13567787408828735
0.1217232272028923
0.028745228424668312
0.20673640072345734
-0.08729627728462219
-0.06920138746500015
-0.03849491477012634
0.24219313263893127
-0.003696543164551258
-0.6047857999801636
-0.2536078989505768
0.0018508863868191838
0.12194906175136566
-0.09471346437931061
0.09326952695846558
0.7533408999443054
0.14308960735797882
0.16017988324165344
0.07162085920572281
0.4737512469291687
-0.06557150185108185
-0.11829156428575516
0.15218186378479004
0.37510666251182556
0.33647751808166504
0.02125103585422039
-0.28203532099723816
0.12636440992355347
0.08952821046113968
0.2469218373298645
0.27748414874076843
0.10018869489431381
0.003921011928468943
0.030887354165315628
0.02360445447266102
0.04365335777401924
0.058839473873376846
0.043578680604696274
-0.029158124700188637
-0.040614742785692215
0.011638578027486801
-0.027148423716425896
-0.02565125934779644
-0.03747890144586563
-0.04553381726145744
-0.014891324564814568
0.0060304696671664715
0.27784472703933716
0.14325085282325745
-0.011944780126214027
0.005516077857464552
0.42139047384262085
0.44499337673187256
0.40939614176750183
0.3560594320297241
0.5796204209327698
0.22322005033493042
0.06057319417595863
0.009095481596887112
0.23044605553150177
0.10338348150253296
-0.2784516215324402
0.6885814070701599
-0.06925392150878906
0.03766871988773346
0.034055862575769424
-0.006120586302131414
-0.03024095855653286
0.04170679673552513
-0.06699568778276443
-0.023504620417952538
0.031055141240358353
0.005982345435768366
0.04713436961174011
-0.012875787913799286
0.03661428764462471
0.028914036229252815
0.0026910724118351936
-0.01731528528034687
-0.04548865556716919
0.001837303047068417
0.010060209780931473
0.021076004952192307
0.381296843290329
0.15397325158119202
0.03279217705130577
0.07873420417308807
0.17627498507499695
0.3289308547973633
-0.1755051612854004
-0.04784541204571724
0.09080348163843155
0.1808168739080429
0.0007510390132665634
0.13253313302993774
0.3964522182941437
-0.02793743833899498
0.34953585267066956
0.0020263181068003178
0.3615473508834839
-0.05028917267918587
-0.07976093888282776
0.055249180644750595
0.1458480954170227
0.11485402286052704
-0.08706560730934143
0.35268062353134155
0.029391631484031677
0.05038217455148697
-0.27017974853515625
0.20250406861305237
0.6387229561805725
-0.029688408598303795
0.14505310356616974
-0.051761068403720856
0.25908562541007996
-0.019260257482528687
-0.08114413172006607
0.048581771552562714
0.0339699313044548
0.04561183229088783
0.011487639509141445
0.3622455298900604
-0.00931955873966217
-0.01156686618924141
0.27896541357040405
0.7274385094642639
0.13257089257240295
-0.1139705628156662
-0.0114285284653306
-0.03873295709490776
-0.02647872269153595
0.019135596230626106
0.008363191969692707
-0.052035145461559296
0.047232985496520996
0.03529530391097069
0.029314834624528885
-0.2153986096382141
-0.031812336295843124
0.00343754212372005
0.11316056549549103
0.1215018481016159
0.33065491914749146
0.2845521569252014
0.07352239638566971
0.03279578313231468
0.14143003523349762
0.1841440200805664
-0.07776014506816864
-0.01937481388449669
0.3107726275920868
0.17928943037986755
0.0268985778093338
-0.1926567554473877
0.011539622209966183
0.06597902625799179
-0.1837317943572998
0.8769381642341614
0.7705422639846802
0.26566773653030396
0.11190302670001984
0.14517389237880707
0.3562517762184143
-0.12671834230422974
-0.07809454202651978
0.03780464828014374
0.17161251604557037
0.09479684382677078
-0.014420155435800552
-0.0676228404045105
-0.04162663593888283
-0.0038821634370833635
0.22813692688941956
0.7399052381515503
0.02293672412633896
0.05936853960156441
-0.11098703742027283
0.025073837488889694
-0.05176057666540146
-0.01239483430981636
0.018029289320111275
0.08371751755475998
-0.1689271628856659
0.02797597460448742
0.027416376397013664
0.03956525772809982
0.002259987173601985
0.05290117487311363
-0.22106893360614777
0.05222240090370178
0.48131993412971497
0.05252942070364952
-0.06985237449407578
-0.046066973358392715
0.8844178915023804
0.013769259676337242
0.4230576157569885
0.03108517825603485
0.4585575461387634
-0.008893691934645176
-0.12339302152395248
-0.06921473145484924
0.06889113038778305
0.042051155120134354
-0.012752709910273552
0.7402331829071045
0.35322755575180054
0.24088692665100098
0.1634657084941864
0.019677715376019478
0.8420529961585999
0.30345967411994934
-0.1190527081489563
-0.1311722844839096
0.12917836010456085
0.1294330209493637
0.3586384057998657
-0.020493946969509125
0.21056458353996277
0.23537692427635193
0.14138871431350708
0.03467431291937828
0.31716904044151306
0.2638395428657532
-0.09865192323923111
0.12300961464643478
0.1614474654197693
0.057655639946460724
-0.10538825392723083
0.043587882071733475
0.029675588011741638
-0.07556957751512527
-0.10235195606946945
0.22500458359718323
-0.014903789386153221
0.008711451664566994
-0.030651642009615898
0.13291716575622559
-0.06716575473546982
-0.19097177684307098
0.016648339107632637
-0.060836561024188995
-0.07528518885374069
0.09758526086807251
0.0392577201128006
0.019684938713908195
-0.03146260231733322
-0.03586868196725845
-0.15086445212364197
-0.06073063611984253
-0.017853008583188057
0.09631746262311935
0.0918884351849556
0.11679518967866898
0.4095047116279602
0.0012000126298516989
0.03057282045483589
-0.012799394316971302
0.4574475884437561
-0.01925359107553959
-0.08014771342277527
0.07907850295305252
0.031121380627155304
0.005024053622037172
-0.452839732170105
-0.031671810895204544
0.07786411792039871
0.11648548394441605
-0.23381677269935608
-0.05809690058231354
0.5002225041389465
-0.12803761661052704
-0.02286146953701973
-0.08772686123847961
0.5038483738899231
-0.12662619352340698
0.13205723464488983
0.012692288495600224
0.03414451703429222
-0.11924248933792114
-0.019590094685554504
0.08373461663722992
0.09359155595302582
0.024840420112013817
0.25359755754470825
0.24961762130260468
0.4826199412345886
0.1808585524559021
-0.125350221991539
-0.12235473841428757
0.16626545786857605
0.08708111941814423
-0.1235012635588646
0.04010944068431854
0.09273359924554825
0.16560430824756622
-0.008012860082089901
-0.1986728459596634
-0.01801137626171112
-0.027668246999382973
0.05336802452802658
0.046950049698352814
-0.12816733121871948
-0.1514342576265335
-0.027869271114468575
0.006446260493248701
-0.10642901062965393
0.02275046706199646
0.0663638710975647
-0.06837935000658035
-0.06493887305259705
0.11426343768835068
-0.12835484743118286
0.03851691260933876
0.11491923779249191
0.06345367431640625
-0.21002967655658722
-0.021163327619433403
0.18353697657585144
0.22339753806591034
0.005779074039310217
-0.022685831412672997
0.6550987362861633
0.3341028392314911
-0.2302704006433487
-0.003679982153698802
0.3418681025505066
0.07355846464633942
-0.4790358543395996
-0.07905802130699158
0.0945318266749382
0.05702134594321251
0.04975544661283493
-0.13111701607704163
0.5022332072257996
0.15143509209156036
0.00904154870659113
0.0050681838765740395
0.5432727336883545
0.15776056051254272
-0.11824198812246323
-0.03557649254798889
0.23467068374156952
0.1969204545021057
-0.08776254206895828
-0.016914814710617065
0.04606723040342331
-0.026701806113123894
-0.030263444408774376
0.020016087219119072
0.7178926467895508
0.01399475522339344
0.041401367634534836
0.05854719504714012
0.6396469473838806
0.2395595759153366
-0.07086918503046036
-0.032943613827228546
0.4358808100223541
0.14321716129779816
0.2586497962474823
-0.23248693346977234
0.23570133745670319
0.2034018337726593
0.4952669143676758
-0.0966634675860405
0.02930634468793869
-0.03211291506886482
0.014427633956074715
-0.04588959738612175
0.040777768939733505
0.0011077483650296926
0.003492385847494006
-0.0073047843761742115
0.016494089737534523
0.05232396349310875
-0.043925389647483826
0.09684834629297256
-0.002274751430377364
-0.0015152706764638424
-0.04216804727911949
-0.027645397931337357
-0.05053616687655449
0.02344203181564808
0.01739571988582611
-0.01908397488296032
-0.03823522478342056
-0.10801425576210022
0.1027248278260231
-0.002224171068519354
0.08138414472341537
-0.08429882675409317
0.02634940668940544
-0.07005484402179718
0.0455712154507637
-0.02627776749432087
-0.076433464884758
-0.007645273581147194
0.8387144804000854
0.14500953257083893
-0.08940169215202332
-0.05860726907849312
0.3290186822414398
0.0452917218208313
-0.13918471336364746
0.006247058045119047
0.20427794754505157
0.01699446514248848
-0.02107527293264866
-0.2356792688369751
0.052309464663267136
0.04402543231844902
0.1606721729040146
0.9531739950180054
0.21136751770973206
-0.13442204892635345
-0.05437343195080757
0.015085157006978989
0.08757615834474564
-0.10399132966995239
-0.05004313215613365
0.05495089292526245
-0.0007794889388605952
0.026653258129954338
-0.3612044155597687
-0.05433002859354019
0.05207163840532303
0.14853185415267944
0.10155835002660751
0.3847287595272064
0.9017457962036133
0.29326316714286804
0.13327594101428986
-0.15530142188072205
0.8057838082313538
0.17941860854625702
-0.042651910334825516
-0.10708461701869965
0.4830642342567444
0.059141576290130615
0.34069302678108215
-0.21004833281040192
0.19308754801750183
0.1261175274848938
-0.08481141924858093
0.05032600834965706
0.019571781158447266
-0.1496267318725586
-0.09569935500621796
-0.04896489158272743
0.012602736242115498
0.14984741806983948
0.050305064767599106
-0.05816848576068878
-0.05337783694267273
0.003832129528746009
0.03893091157078743
-0.20367328822612762
-0.005892750341445208
0.0261295884847641
0.47507423162460327
0.12281934171915054
0.1683506816625595
-0.12904919683933258
-0.06106138601899147
0.13692210614681244
0.3223956525325775
-0.040724948048591614
-0.13903801143169403
0.003876610891893506
0.14322611689567566
0.004620464518666267
-0.27744486927986145
0.1552116870880127
0.04969773069024086
0.05091859772801399
-0.08268161863088608
0.6127069592475891
0.04622993618249893
-0.05164654552936554
0.05968836694955826
-0.020404545590281487
0.2513333559036255
-0.2615188956260681
0.18282100558280945
0.054867468774318695
0.26581138372421265
-0.14860020577907562
-0.006737030576914549
0.03139793872833252
0.07662113010883331
-0.019844599068164825
0.33234602212905884
0.03554956614971161
0.17072376608848572
0.00992945209145546
-0.00044863490620628
-0.03291044756770134
-0.03660857304930687
-0.19168630242347717
0.19039016962051392
-0.08533589541912079
0.12052552402019501
0.059136033058166504
0.016737613826990128
0.021315600723028183
0.014242398552596569
-0.04108726978302002
-0.037282414734363556
-0.11798250675201416
0.28745919466018677
-0.21015653014183044
-0.07437742501497269
-0.018220730125904083
0.217266246676445
-0.24728675186634064
-0.18373273313045502
-0.0396454744040966
0.05493858829140663
-0.2591317296028137
-0.4947341978549957
-0.3281888961791992
0.04356437176465988
0.08754510432481766
-0.1272761970758438
0.15036284923553467
0.727924644947052
0.0394098237156868
-0.09930701553821564
-0.028713200241327286
0.508884608745575
0.020810816437005997
-0.21223501861095428
0.0681329220533371
0.5005119442939758
0.2147473394870758
-0.10366091132164001
-0.36488160490989685
0.07649093866348267
0.07572781294584274
0.24895519018173218
0.16402900218963623
0.05231202393770218
0.05337276682257652
-0.00722444336861372
0.015791792422533035
-0.026166293770074844
-0.02137688361108303
0.010697909630835056
0.07109483331441879
-0.017406217753887177
-0.017180049791932106
-0.013303391635417938
-0.03260548785328865
0.044995736330747604
-0.06639235466718674
-0.022539954632520676
0.026383545249700546
0.3314027190208435
0.15257810056209564
0.05015688017010689
0.004053284879773855
0.5354032516479492
0.27098768949508667
-0.0026530451141297817
0.3960224688053131
0.49077877402305603
0.065140001475811
-0.1275779753923416
-0.0843309760093689
0.23916871845722198
0.1478852480649948
-0.2749260663986206
0.4294142425060272
-0.053998567163944244
-0.024588769301772118
0.0556606724858284
0.009260060265660286
0.0153040224686265
0.0313044898211956
0.04250650107860565
0.011057980358600616
-0.14596228301525116
0.02889213338494301
-0.08349780738353729
0.011981019750237465
-0.03465653210878372
0.052516911178827286
-0.029181407764554024
-0.036079879850149155
-0.08927681297063828
-0.06261438876390457
0.03241019323468208
-0.053544994443655014
0.31779709458351135
0.1108311116695404
-0.23803560435771942
0.03412748873233795
0.1023900955915451
0.2505190372467041
-0.22161419689655304
-0.014450461603701115
0.20071209967136383
0.13691897690296173
-0.08626432716846466
-0.05213962122797966
0.45138242840766907
-0.1188613623380661
0.0058947717770934105
0.04767049103975296
0.3884194791316986
-0.16141347587108612
-0.09833388775587082
-0.011507595889270306
0.055318329483270645
0.2531704008579254
0.0567992627620697
0.30770164728164673
0.0023687395732849836
0.036366548389196396
-0.23748688399791718
0.26319295167922974
0.6081076264381409
-0.20056287944316864
-0.11031600832939148
-0.05070383474230766
0.2942049205303192
-0.10924102365970612
-0.07842874526977539
0.028657566756010056
-0.0270107202231884
0.031779590994119644
0.016352353617548943
0.2178342640399933
-0.017895273864269257
0.013599162921309471
0.1170857772231102
0.8282462358474731
0.15699656307697296
-0.23589584231376648
-0.17725756764411926
-0.03686854615807533
-0.008198907598853111
0.012819585390388966
0.007933977991342545
-0.04717531427741051
0.06829147785902023
0.014970441348850727
0.027313172817230225
-0.18161478638648987
0.03884664550423622
0.03326397389173508
0.052003685384988785
0.03775575011968613
0.4134412407875061
0.26559004187583923
-0.10554057359695435
-0.11750980466604233
0.1783708930015564
0.07163175195455551
-0.21770727634429932
0.09578303247690201
0.3397257924079895
0.02599801868200302
-0.01219765841960907
-0.30065208673477173
-0.057136569172143936
0.03714100643992424
0.07357203960418701
0.9037700295448303
0.690851092338562
0.020944960415363312
-0.0729033425450325
0.037360385060310364
0.3816322088241577
0.021609537303447723
-0.08646193146705627
0.06942261010408401
0.2553146183490753
0.0818372592329979
0.06822556257247925
-0.10330109298229218
0.04350179061293602
0.03672092780470848
0.14909802377223969
0.8206471800804138
-0.04575236514210701
-0.01396186463534832
-0.09871238470077515
0.01909364014863968
-0.23852764070034027
-0.14738020300865173
0.020533030852675438
0.05704246088862419
-0.16173043847084045
0.011187469586730003
0.027463922277092934
0.04675005376338959
0.022318754345178604
0.1503433734178543
-0.2534850239753723
-0.04701584205031395
0.42624977231025696
0.029974522069096565
-0.02568146213889122
-0.02162560075521469
0.8800355792045593
-0.050677165389060974
0.15879736840724945
0.039177488535642624
0.4695570468902588
-0.019239502027630806
-0.07919581979513168
-0.034743327647447586
-0.007454948499798775
0.04454703629016876
-0.04369833692908287
0.43195396661758423
-0.47733473777770996
-0.32615646719932556
-0.2814558148384094
-0.011184286326169968
-1.5319055318832397
-0.4370347857475281
-0.19540740549564362
-0.027881113812327385
-0.11438547074794769
-0.2793486416339874
-0.7949103116989136
-0.0038724348414689302
-0.0714307352900505
-0.23256130516529083
-0.08803336322307587
-0.8088715076446533
-0.9092388153076172
-0.338789701461792
-0.14586928486824036
-0.31840071082115173
-0.09525564312934875
-0.296952486038208
-0.007208635564893484
-0.029192399233579636
-0.023400524631142616
-0.0405208058655262
0.05668797343969345
-0.5445883274078369
0.0010720284190028906
0.08548690378665924
-0.21085664629936218
-0.19908025860786438
0.08552290499210358
0.014000420458614826
-0.038497429341077805
0.04648071900010109
0.01769331842660904
-0.014611531049013138
0.008907328359782696
0.030139075592160225
0.02547958493232727
-0.0813165083527565
-0.10541987419128418
0.06634417176246643
-0.010101261548697948
-0.0524890162050724
-0.1745617836713791
-0.11940152943134308
-0.686591625213623
-0.22056891024112701
-0.03958593308925629
0.03147231787443161
-1.0579382181167603
-0.27201804518699646
-0.17513447999954224
-0.1255100816488266
-0.10279006510972977
-0.21572817862033844
0.0681791678071022
0.05907605215907097
-0.1480734795331955
-0.11032965779304504
-0.10745957493782043
-0.35609716176986694
-1.1083542108535767
-0.05871894210577011
-0.2954212725162506
0.012144804000854492
-0.44123008847236633
0.021292876452207565
-0.32382380962371826
0.034554772078990936
-0.09991710633039474
0.02981444075703621
-0.0030717316549271345
-0.5374358892440796
-0.09278284013271332
-0.03117491491138935
-0.43754807114601135
-0.2632290720939636
-1.0466386079788208
-0.3718523681163788
-0.03315716236829758
-0.07307719439268112
-0.07658510655164719
-0.17532207071781158
-0.0850968137383461
-0.009262127801775932
-0.0660126656293869
-0.09550333023071289
-0.05291805788874626
-0.4391377866268158
-0.01616901345551014
-0.012969980016350746
-0.1539694368839264
-0.06360194087028503
0.08193546533584595
-0.06693214923143387
-0.07480382174253464
0.03209400177001953
0.024896563962101936
-0.07623680680990219
-0.039377834647893906
-0.056126151233911514
0.04435136169195175
-0.07623692601919174
-0.1402137726545334
-0.058906737715005875
-0.043400462716817856
-0.15686380863189697
-0.014245809055864811
-0.041334908455610275
-0.43123388290405273
-0.29704520106315613
-0.09003723412752151
-0.07496095448732376
-1.2254222631454468
-0.5593194365501404
0.04920681565999985
-0.11626012623310089
-0.15981310606002808
-0.3344903886318207
0.02439274452626705
0.003737332532182336
-0.09148509800434113
-0.08892832696437836
-0.04864739254117012
-0.5449787378311157
-0.3681491017341614
-0.23236322402954102
-0.024850545451045036
-0.010072289034724236
-1.0791093111038208
-0.17462962865829468
-0.04082003980875015
-0.09019723534584045
-0.12684190273284912
-0.4122101664543152
-0.01046351995319128
-0.031791578978300095
-0.07687097787857056
0.01702410727739334
-0.05272439122200012
-0.5394561886787415
-1.0531065464019775
-0.42948538064956665
-0.3351987302303314
-0.009382989257574081
-1.2425906658172607
-0.4156644642353058
-0.27406245470046997
-0.0257964339107275
-0.4017658233642578
-0.1886337846517563
-0.8113766312599182
-0.17204399406909943
-0.1258370280265808
-0.2163088619709015
-0.6215202808380127
-0.5954265594482422
0.058136794716119766
0.04901665821671486
-0.013887040317058563
-0.023946693167090416
-0.010573954321444035
-0.05990543216466904
-0.0024007726460695267
-0.02601342462003231
0.06781980395317078
0.01008591242134571
-0.04235439375042915
0.047037579119205475
-0.08490324765443802
0.027704432606697083
-0.01580798625946045
0.02491050213575363
0.030069991946220398
-0.022835539653897285
-0.07120898365974426
0.03236529231071472
-0.02391362003982067
0.04697314277291298
0.004131607711315155
-0.05509459599852562
0.018794525414705276
0.06509746611118317
-0.0180764552205801
0.027487944811582565
-0.007570136338472366
-0.009674319997429848
0.00426458939909935
0.02812580019235611
-1.5465030670166016
-0.3268176019191742
-0.09756603091955185
-0.07737355679273605
-0.13903771340847015
-0.2322455793619156
-0.007691734470427036
0.009033446200191975
-0.24648715555667877
-0.08128771930932999
0.008267129771411419
-0.4628160893917084
0.00065104995155707
-0.06068803369998932
-0.3669273257255554
-0.6694452166557312
-0.17519307136535645
-0.019745007157325745
-0.2151222825050354
0.006589757744222879
-0.0622309111058712
0.015773296356201172
0.05539010837674141
-0.05721078813076019
0.011271530762314796
0.024952903389930725
-0.09466034919023514
-0.0012075703125447035
0.005461808759719133
-0.14768192172050476
-0.1793581247329712
-0.3062645196914673
-1.4182896614074707
-0.48326680064201355
-0.5193756222724915
-0.02551366202533245
-1.0322500467300415
-0.4101599156856537
-0.2825787663459778
-0.07278227061033249
-0.2750481963157654
-0.2673609256744385
-0.8553756475448608
-0.1570991426706314
-0.15707753598690033
-0.11569052189588547
-0.2734707295894623
-0.9892337918281555
-0.5268511176109314
0.07234165817499161
-0.017908403649926186
-0.035221945494413376
-0.03237016871571541
-0.49281176924705505
-0.2300429344177246
-0.019700489938259125
-0.07730099558830261
-0.05784173682332039
-0.036360740661621094
-0.10841190814971924
0.018774667754769325
0.05422555282711983
-0.674964427947998
-0.09826525300741196
-0.9053502678871155
-0.24579495191574097
-0.14648199081420898
-0.13618536293506622
-0.2965441346168518
-0.19475050270557404
0.06862908601760864
-0.03395521640777588
-0.23881159722805023
-0.026932215318083763
0.016573242843151093
-0.39316076040267944
-0.07064364105463028
-0.036683931946754456
-0.179835706949234
-0.6742536425590515
-0.04854162409901619
0.06461194902658463
0.004069758113473654
-0.08436823636293411
-0.4203571081161499
-0.07579144835472107
-0.30088815093040466
-0.07013379037380219
-0.2255157232284546
0.03570348769426346
-0.10139556974172592
-0.016107939183712006
-0.12857654690742493
-0.01907271146774292
-0.7303816676139832
-0.00018318557704333216
-0.0689048022031784
0.045119479298591614
0.03397233784198761
0.002312504919245839
0.00506016006693244
-0.07803796976804733
-0.22548356652259827
-0.001987760653719306
-0.21420972049236298
-0.09429427236318588
0.11121601611375809
0.02975761890411377
-0.020836303010582924
-0.07049663364887238
-0.35226011276245117
-0.03751107305288315
-0.6292632222175598
-0.06617794930934906
-0.03042549639940262
0.018086455762386322
-0.33204445242881775
-0.015511528588831425
-0.025265343487262726
0.0037354493979364634
-0.06670168787240982
-0.011741523630917072
0.1446474939584732
-0.044746894389390945
0.06607413291931152
-0.04935947805643082
-0.3507557511329651
-0.26410773396492004
-1.3447636365890503
-0.31364870071411133
-0.22736933827400208
0.05825164169073105
-0.7230060696601868
-0.27231886982917786
-0.04087098315358162
-0.1704145073890686
-0.3059971332550049
-0.3012334704399109
-0.10758880525827408
-0.23638617992401123
-0.10771626234054565
0.007544661406427622
-0.2134982794523239
-0.5240153074264526
-0.016623878851532936
0.06979118287563324
-0.0018977762665599585
0.04711668938398361
-0.02107774280011654
-0.07187022268772125
-0.0358523465692997
-0.013249678537249565
-0.06764737516641617
0.009639689698815346
-0.002216954715549946
0.054558441042900085
0.06326992809772491
-0.04745703935623169
-0.0018454304663464427
0.046682748943567276
-0.26717275381088257
-0.16425764560699463
-0.0679183155298233
-0.06345625221729279
-1.3301597833633423
-0.3938724994659424
-0.3939613997936249
-0.35278746485710144
-0.3502625524997711
-0.2854587137699127
-0.056296732276678085
-0.030913256108760834
-0.22587600350379944
-0.08626846969127655
-0.09568027406930923
-0.9283591508865356
-0.008238780312240124
0.010515447705984116
-0.003359881229698658
-0.07485239207744598
-0.00999342929571867
-0.017729856073856354
0.01965680718421936
-0.01576792076230049
-0.03453388065099716
-0.03487325459718704
-0.024913650006055832
0.03460656479001045
-0.01773412711918354
-0.009839163161814213
-0.014358927495777607
0.06337017565965652
0.0017715245485305786
0.01862502284348011
0.01783973164856434
-0.06814128160476685
-0.8845589756965637
-0.45905718207359314
-0.10298868268728256
-0.1287505179643631
-0.23986367881298065
-0.21771319210529327
0.11329686641693115
0.05708249658346176
-0.15326090157032013
-0.07469794154167175
0.07802801579236984
-0.40584173798561096
-1.0839359760284424
0.0098226023837924
-0.3826729655265808
0.007280539721250534
-0.3607654869556427
0.02230413816869259
-0.001997389830648899
0.12382792681455612
-0.14016586542129517
-0.15316008031368256
-0.029839886352419853
-0.6544854640960693
0.03698639199137688
-0.01544939074665308
-0.1756274551153183
-0.22143372893333435
-1.078531265258789
0.05756628140807152
-0.14447495341300964
0.030964963138103485
-0.030257774516940117
-0.029534941539168358
0.14398445188999176
0.01496803667396307
-0.03578999638557434
-0.1614459604024887
-0.0994979739189148
-0.4888424873352051
0.03442005813121796
-0.037749312818050385
-0.2209157943725586
-0.5406822562217712
-0.48044100403785706
0.04726359620690346
-0.003802826162427664
-0.04210888221859932
-0.0007006626692600548
-0.07295624911785126
-0.04941767454147339
-0.048386551439762115
-0.0029251775704324245
0.027687715366482735
0.014460287988185883
-0.04985206946730614
0.012634152546525002
0.05554332956671715
-0.04486440494656563
-0.011557881720364094
-1.3727489709854126
-0.3706124424934387
-0.19467659294605255
-0.14865723252296448
-0.17222008109092712
-0.3070888817310333
-0.047228142619132996
-0.014741522260010242
-0.23040468990802765
-0.19762548804283142
-0.02826225757598877
-0.4459807276725769
0.023908523842692375
0.0158444382250309
-0.444511741399765
-0.7500247955322266
-1.2739136219024658
-0.33958446979522705
-0.010605053044855595
-0.03537430614233017
-0.3215419352054596
-0.1902049332857132
0.1469339281320572
-0.0031385086476802826
-0.22171330451965332
-0.012622643262147903
-0.030732950195670128
-0.6390061974525452
-0.0016796429408714175
0.008385906927287579
-0.2466111183166504
-0.6184740662574768
-0.056065186858177185
-0.034203581511974335
0.037504229694604874
0.07146898657083511
0.04288608208298683
-0.04748118296265602
-0.09881087392568588
0.06495434045791626
0.05439455062150955
-0.02510102093219757
-0.2718639075756073
-0.014003826305270195
-0.077043317258358
-0.03985927253961563
-0.07655846327543259
-0.04918389767408371
-0.2302343249320984
-0.09057971835136414
-0.05555284768342972
-0.02967478334903717
-1.1929627656936646
0.044409699738025665
-0.403104305267334
-0.06758418679237366
-0.24443583190441132
-0.0075688473880290985
0.14724595844745636
0.06773527711629868
-0.0808049812912941
0.04968142881989479
0.0017621361184865236
-0.9422656893730164
-0.49619942903518677
-0.4128871262073517
-0.2520676255226135
0.03175472095608711
-1.4714943170547485
-0.3236023783683777
-0.12134458124637604
-0.12067709118127823
-0.20600871741771698
-0.3456498980522156
-0.7526503205299377
0.06257472187280655
-0.08847350627183914
-0.22264355421066284
-0.16856366395950317
-0.5962737798690796
-0.9462149143218994
-0.3428763151168823
-0.03133886680006981
-0.2929578125476837
-0.015020739287137985
-0.19524966180324554
-0.04692392796278
-0.054800763726234436
-0.03485655412077904
-0.00814975704997778
-0.03548584505915642
-0.5824720859527588
0.05513660982251167
-0.029657984152436256
-0.18215467035770416
-0.2821396291255951
0.04835844039916992
-0.004793442785739899
0.024131689220666885
-0.05996087193489075
-0.08526461571455002
-0.020766930654644966
0.05295959487557411
-0.021690377965569496
-0.030712120234966278
-0.04243302345275879
-0.11725136637687683
0.005419012159109116
0.0703168660402298
-0.13084886968135834
-0.1496146321296692
-0.051343899220228195
-0.6961036324501038
-0.12638503313064575
-0.034528277814388275
0.03308696672320366
-1.032028079032898
-0.21484798192977905
-0.17264993488788605
-0.08536268025636673
-0.08815967291593552
-0.24137049913406372
-0.010809961706399918
-0.09253418445587158
-0.07037906348705292
-0.14535608887672424
-0.08005859702825546
-0.32510679960250854
-1.049340844154358
0.10658098012208939
-0.3290523290634155
-0.008331147022545338
-0.45718914270401
-0.11220767349004745
-0.20829437673091888
-0.024896249175071716
-0.023559343069791794
-0.022276481613516808
0.08647385239601135
-0.5376722812652588
-0.12150149047374725
-0.0469253845512867
-0.4436323344707489
-0.22122111916542053
-1.0372273921966553
-0.36310920119285583
0.026547474786639214
-0.10975765436887741
-0.14933879673480988
-0.1337117701768875
-0.09837034344673157
-0.025677936151623726
-0.07446493953466415
-0.01205617655068636
-0.017089230939745903
-0.28912651538848877
-0.05225471034646034
0.05929006636142731
-0.17020420730113983
-0.03858167678117752
0.07547634094953537
-0.021088052541017532
-0.0038363011553883553
0.05015791580080986
0.028920572251081467
-0.038841016590595245
0.00026788358809426427
-0.017149612307548523
-0.06385832279920578
-0.11095425486564636
-0.01939699985086918
-0.014509162865579128
-0.01612294465303421
-0.12088746577501297
0.09699083119630814
0.01996677741408348
-0.41762807965278625
-0.34751182794570923
-0.08330155909061432
0.006762439850717783
-1.2484883069992065
-0.5102643966674805
-0.040759071707725525
-0.08560226857662201
-0.2558959126472473
-0.32792046666145325
0.014948973432183266
0.004397075157612562
-0.10909663140773773
-0.13998866081237793
-0.09754598885774612
-0.5665336847305298
-0.4159788191318512
-0.15726836025714874
-0.009090371429920197
0.02831464447081089
-1.1194067001342773
-0.057432547211647034
-0.051047708839178085
-0.14645150303840637
-0.13450799882411957
-0.27980145812034607
-0.11482810229063034
-0.052928775548934937
-0.058094900101423264
-0.038301289081573486
-0.00748997088521719
-0.5868386626243591
-1.0940351486206055
-0.3613334596157074
-0.39072224497795105
0.07169283181428909
-1.2368453741073608
-0.43961408734321594
-0.15144503116607666
0.046641815453767776
-0.4217362701892853
-0.20861314237117767
-0.7685685753822327
-0.15369097888469696
-0.18720443546772003
-0.23252689838409424
-0.5376932621002197
-0.5310512781143188
-0.0044253612868487835
-0.06076892092823982
0.0322321280837059
0.02303096279501915
-0.014066153205931187
0.07523565739393234
0.00868596788495779
-0.015243764035403728
-0.040510281920433044
0.013180247507989407
-0.022680295631289482
-0.039700061082839966
0.00482268538326025
-0.0019582435488700867
-0.03841130807995796
0.015746884047985077
0.07812093198299408
-0.00227204873226583
-0.03532648831605911
0.01359823439270258
-0.05754533410072327
-0.014724803157150745
0.005171533674001694
0.015385804697871208
0.029361972585320473
0.00919782929122448
-0.005237978417426348
-0.0024170323740690947
0.10562565922737122
0.06626151502132416
-0.07984166592359543
-0.046408578753471375
-1.4319794178009033
-0.36528918147087097
-0.11935097724199295
-0.06771611422300339
-0.25113794207572937
-0.2117960900068283
0.048157040029764175
0.016583381220698357
-0.18544766306877136
0.036482904106378555
-0.002717485884204507
-0.4511319696903229
-0.07972726225852966
-0.07499714195728302
-0.27495065331459045
-0.7488324642181396
-0.2817443311214447
0.08563744276762009
-0.1281004399061203
-0.009482149966061115
0.029579639434814453
-0.07791171222925186
0.05866657942533493
0.05610382556915283
-0.014028757810592651
-0.008117910474538803
-0.01569231040775776
-0.02332996018230915
-0.0006982228951528668
-0.1684577465057373
-0.21612825989723206
-0.3107982277870178
-1.3620866537094116
-0.3907860815525055
-0.49460476636886597
-0.0027719822246581316
-1.1060163974761963
-0.3369956314563751
-0.27247264981269836
0.03891457989811897
-0.4033413529396057
-0.2914862632751465
-0.7633383870124817
-0.2651978135108948
-0.13055768609046936
-0.208605095744133
-0.389737069606781
-1.0337777137756348
-0.4899415671825409
0.04506605491042137
0.02274695225059986
0.0359174869954586
-0.013866135850548744
-0.396066814661026
-0.13410744071006775
0.0484667532145977
0.006596426945179701
0.0474436990916729
-0.07234340906143188
-0.0333280935883522
-0.06292102485895157
0.035270314663648605
-0.7183192372322083
-0.19277258217334747
-0.8742278814315796
-0.282100111246109
-0.14797189831733704
-0.17937394976615906
-0.22740128636360168
-0.19391530752182007
0.08515898883342743
0.00993066094815731
-0.14444254338741302
0.006876841187477112
-0.09709499031305313
-0.4106955826282501
0.0600799098610878
-0.10429012030363083
-0.25022372603416443
-0.6641334891319275
0.004083876498043537
-0.001132660428993404
0.01459540892392397
-0.019790541380643845
-0.372792512178421
0.05805916711688042
-0.15114782750606537
0.026489799842238426
-0.2644476592540741
0.10024987161159515
-0.018965747207403183
-0.042070455849170685
-0.0457661971449852
0.022921482101082802
-0.6516231894493103
0.03013644553720951
-0.1433364748954773
0.047167807817459106
0.0111676761880517
0.026328759267926216
-0.011807141825556755
0.0031525748781859875
-0.1568073332309723
0.06079759821295738
-0.0017669007647782564
-0.07410383224487305
-0.04460340365767479
-0.0332234688103199
0.06785118579864502
-0.06098363175988197
-0.23731258511543274
-0.02711465209722519
-0.5708498358726501
0.05582043528556824
-0.08291850239038467
0.001965221017599106
-0.30708184838294983
-0.025946425274014473
-0.10808011889457703
-0.10047509521245956
-0.08954555541276932
-0.07674741744995117
0.1903456151485443
-0.1317366361618042
0.04657885059714317
-0.14508453011512756
-0.24031352996826172
-0.2787351906299591
-1.404006004333496
-0.2889716625213623
-0.20141281187534332
0.0054367524571716785
-0.78542160987854
-0.18777750432491302
-0.014768984168767929
-0.07954929769039154
-0.3462604582309723
-0.22867076098918915
-0.058142609894275665
-0.1510821133852005
-0.10860198736190796
-0.04034955054521561
-0.2955823242664337
-0.53574538230896
0.08689957112073898
-0.009079642593860626
-0.08066996932029724
0.021090902388095856
0.045644499361515045
-0.021063121035695076
-0.07585347443819046
0.02988688088953495
0.034762270748615265
0.03274080902338028
0.0296322051435709
-0.0481867752969265
0.036849625408649445
-0.008715911768376827
0.0003490339731797576
0.008620544336736202
-0.3354299068450928
-0.07147713750600815
-0.03258384019136429
0.07649150490760803
-1.268237590789795
-0.46602869033813477
-0.39681610465049744
-0.260555624961853
-0.41180288791656494
-0.3482017517089844
0.0025181821547448635
0.022633926942944527
-0.09305360913276672
-0.04882916808128357
-0.14784647524356842
-1.013407826423645
0.030343718826770782
-0.025058429688215256
0.0036539265420287848
0.02846572734415531
0.03957722336053848
0.0911063551902771
0.03160853311419487
-0.0012391038471832871
-0.06500077247619629
0.03715753182768822
-0.005786384921520948
0.008888074196875095
0.04822608456015587
0.05456453189253807
0.04533834755420685
-0.011481385678052902
0.06695304811000824
-0.101435586810112
-0.02169276587665081
0.01918942667543888
-0.8762714266777039
-0.43798792362213135
-0.007966683246195316
-0.14745929837226868
-0.23472756147384644
-0.2783357799053192
0.016649069264531136
0.02493421919643879
-0.0473984070122242
-0.1362459361553192
0.061562199145555496
-0.47145766019821167
-0.9891721606254578
0.055965606123209
-0.3144742250442505
-0.0013376572169363499
-0.41637560725212097
0.012228301726281643
-0.008399097248911858
-0.027937661856412888
-0.10926488041877747
-0.1867872178554535
0.006964721251279116
-0.6554406881332397
-0.05098235607147217
0.021704869344830513
-0.0992337241768837
-0.12451605498790741
-1.0173704624176025
-0.013499297201633453
-0.1430550068616867
0.03998348489403725
-0.1548769176006317
-0.1536608785390854
0.0609290674328804
-0.005134257487952709
-0.040601395070552826
-0.04320365935564041
0.04661640524864197
-0.4563680589199066
0.013100167736411095
-0.11213315278291702
-0.21529068052768707
-0.6676878929138184
-0.4714307487010956
0.1033155620098114
0.011282319203019142
0.06414688378572464
-0.02631341479718685
-0.06915758550167084
-0.04983677715063095
-0.02575242705643177
-0.02217509038746357
-0.004158408846706152
0.013536669313907623
0.02298159897327423
0.02968958579003811
0.01664193905889988
-0.07720614224672318
-0.08565475791692734
-1.367865800857544
-0.4735912084579468
-0.15610899031162262
-0.03289496526122093
-0.2729976773262024
-0.13266271352767944
-0.04074028879404068
0.018647311255335808
-0.31321629881858826
-0.16168275475502014
0.02028643898665905
-0.4969862699508667
-0.06575391441583633
-0.03029416874051094
-0.4174346327781677
-0.7151176929473877
-1.2967878580093384
-0.3212384879589081
-0.0677342340350151
-0.023646743968129158
-0.3067181408405304
-0.17054125666618347
0.07687652856111526
-0.0400845892727375
-0.1637549251317978
-0.04534154757857323
0.011564484797418118
-0.6219583749771118
-0.02526090294122696
-0.10281219333410263
-0.28818923234939575
-0.70363450050354
-0.11153610050678253
-0.041506078094244
-0.00033002253621816635
-0.028035080060362816
0.0030010256450623274
-0.11273028701543808
-0.08971681445837021
0.011843063868582249
0.057790644466876984
0.009852712973952293
-0.21595270931720734
-0.04704320430755615
-0.039693430066108704
-0.11646482348442078
-0.052397362887859344
-0.10163560509681702
-0.25688299536705017
-0.18981902301311493
-0.06016573682427406
0.020418530330061913
-1.2608730792999268
0.07648095488548279
-0.3868713676929474
-0.1104574054479599
-0.30994391441345215
-0.15691594779491425
0.05047616735100746
0.09137696772813797
-0.11161491274833679
0.013762817718088627
0.022426040843129158
-0.9400838613510132
-0.3825957477092743
-0.48171040415763855
-0.31760185956954956
-0.010666902177035809
-1.4327250719070435
-0.3953472375869751
-0.15162032842636108
-0.12700442969799042
-0.1496124267578125
-0.3324536979198456
-0.7123835682868958
0.04608449712395668
-0.12333989888429642
-0.2131311446428299
-0.18619318306446075
-0.7028747200965881
-0.8549741506576538
-0.21561557054519653
-0.01915481686592102
-0.21233022212982178
-0.07899497449398041
-0.1741785705089569
-0.028751933947205544
-0.06810612976551056
-0.026375042274594307
-0.03770756721496582
0.037272460758686066
-0.5890647768974304
0.028398549184203148
-0.09129635244607925
-0.12588909268379211
-0.22417747974395752
0.0923527404665947
0.024173900485038757
-0.165312260389328
-0.018379006534814835
-0.06775032728910446
-0.04293312132358551
-0.11219020932912827
-0.011666947975754738
0.008920719847083092
0.0840698778629303
0.011546417139470577
-0.03303149715065956
-0.021340681239962578
-0.18987518548965454
-0.10832901298999786
-0.16934818029403687
-0.7014710307121277
-0.19425010681152344
-0.061101388186216354
0.01659509353339672
-1.0351029634475708
-0.260964959859848
-0.10089859366416931
-0.09620235115289688
-0.10791218280792236
-0.08097236603498459
0.11827650666236877
0.010499761439859867
-0.1005706638097763
-0.1388278603553772
-0.14007200300693512
-0.32626765966415405
-1.0908842086791992
0.08974142372608185
-0.23846234381198883
-0.005660714115947485
-0.5421927571296692
0.026883883401751518
-0.21649500727653503
-0.03721034899353981
-0.12093489617109299
0.10455665737390518
-0.02825259044766426
-0.5393219590187073
0.05509595945477486
-0.045237138867378235
-0.4282996356487274
-0.18796037137508392
-0.9484867453575134
-0.20603372156620026
0.013138873502612114
-0.04190073907375336
-0.08083271980285645
-0.1593962460756302
-0.1565731167793274
0.0034230754245072603
0.011719303205609322
-0.07178197056055069
0.026014089584350586
-0.30218786001205444
-0.024239951744675636
0.011868936009705067
-0.15355339646339417
-0.08611471205949783
0.08544008433818817
0.03677187114953995
-0.015122233889997005
-0.01764068752527237
0.03600889816880226
-0.14472344517707825
0.006437055300921202
-0.0397101528942585
0.08427964150905609
-0.08015904575586319
-0.07560960203409195
-0.011431064456701279
-0.03230118378996849
-0.1306154876947403
0.05405963212251663
-0.01593882404267788
-0.43307143449783325
-0.22492484748363495
-0.02065301686525345
0.016712142154574394
-1.3291058540344238
-0.5067068934440613
0.012613315135240555
-0.058315496891736984
-0.2657993733882904
-0.440784215927124
-0.014777091331779957
0.003067199606448412
-0.15141592919826508
-0.08724509924650192
-0.15503841638565063
-0.5663277506828308
-0.3574328124523163
-0.19368170201778412
-0.006566088646650314
-0.006170245353132486
-1.1168761253356934
-0.2160099446773529
-0.07107514142990112
-0.08136039972305298
-0.06237523630261421
-0.29282474517822266
-0.04077119752764702
-0.0002160905860364437
-0.0717976838350296
-0.025784069672226906
-0.11677195131778717
-0.5726794600486755
-1.1222448348999023
-0.3678252100944519
-0.27096864581108093
0.09951097518205643
-1.1379858255386353
-0.4330569803714752
-0.03154338151216507
-0.05070766061544418
-0.35731789469718933
-0.23328010737895966
-0.7406652569770813
-0.3117597997188568
-0.22345907986164093
-0.12283560633659363
-0.6072744131088257
-0.5614398717880249
-0.028266018256545067
-0.02167108654975891
0.07317361235618591
-0.13775239884853363
-0.003554639872163534
0.033945757895708084
0.036840394139289856
-0.05493568256497383
0.03396300971508026
-0.04909868538379669
-0.01344356406480074
-0.008036334067583084
0.04245276376605034
-0.0292949378490448
0.049267664551734924
0.002745365258306265
-0.021335259079933167
-0.03624832257628441
-0.12151883542537689
-0.0026323695201426744
0.05475413426756859
-0.016440125182271004
0.07439407706260681
-0.02794826216995716
-0.08066089451313019
-0.01792031154036522
0.01317385584115982
0.01800372637808323
-0.01767694391310215
-0.0245367418974638
-0.11058759689331055
0.0726667046546936
-1.4457237720489502
-0.40954872965812683
-0.02503478154540062
-0.05304775759577751
-0.17222563922405243
-0.2715940773487091
0.028676694259047508
-0.07819321751594543
-0.24290470778942108
-0.1361125409603119
-0.06031472980976105
-0.4365023672580719
0.04198596999049187
-0.01611853390932083
-0.26534563302993774
-0.7205880284309387
-0.11627419292926788
0.024700524285435677
-0.1433771699666977
-0.0024249216075986624
0.03333570808172226
0.045200154185295105
-0.022801868617534637
0.10867204517126083
0.07824520766735077
0.016683289781212807
0.0489075668156147
-0.034267451614141464
0.040118321776390076
-0.08122072368860245
-0.3289191424846649
-0.28354978561401367
-1.332282304763794
-0.43944114446640015
-0.45848792791366577
-0.07160776108503342
-1.0369495153427124
-0.4177717864513397
-0.2512776851654053
-0.055174320936203
-0.2516460120677948
-0.21811288595199585
-0.8191736340522766
-0.23650141060352325
-0.1286950707435608
-0.17659500241279602
-0.27117735147476196
-0.9504035115242004
-0.4247782528400421
0.052159231156110764
0.013289293274283409
0.04999956116080284
-0.023427661508321762
-0.43754422664642334
-0.21517549455165863
-0.025688590481877327
-0.0654497817158699
-0.04670242220163345
-0.11314026266336441
-0.08342853933572769
0.01621493510901928
-0.05644966661930084
-0.6831990480422974
-0.14790013432502747
-0.9107973575592041
-0.18249842524528503
-0.07788433134555817
-0.17132148146629333
-0.2456015795469284
-0.11404474824666977
0.1185193732380867
0.030363578349351883
-0.17163710296154022
-0.05523993447422981
-0.06417760252952576
-0.3930727541446686
-0.07082424312829971
-0.1427483856678009
-0.13375099003314972
-0.668886125087738
-0.07581835985183716
0.023710396140813828
-0.03036661446094513
-0.03511371463537216
-0.35928118228912354
0.1551346629858017
-0.28971782326698303
0.02571570686995983
-0.21118560433387756
0.046455465257167816
-0.08274167031049728
0.05606045946478844
-0.07296033948659897
-0.0018506906926631927
-0.7276577949523926
0.00983386766165495
-0.11156195402145386
-0.045597683638334274
-0.026508470997214317
-0.05760866776108742
-0.0017250882228836417
-0.01097667496651411
-0.14529328048229218
0.0529472678899765
-0.10880632698535919
-0.020080139860510826
0.010368993505835533
-0.06906835734844208
0.01872454583644867
-0.006016366183757782
-0.21723942458629608
0.015987567603588104
-0.6264250874519348
0.06377226859331131
-0.1260850429534912
-0.018627356737852097
-0.2852720618247986
0.02548203617334366
-0.06548498570919037
-0.020902171730995178
-0.10982804745435715
-0.0015832801582291722
0.19653776288032532
-0.11292675137519836
0.0005515239317901433
-0.13871340453624725
-0.2290458381175995
-0.2048511952161789
-1.3267253637313843
-0.245528906583786
-0.07908035814762115
-0.022091491147875786
-0.7238136529922485
-0.2369440495967865
0.06364631652832031
-0.1530439406633377
-0.23832157254219055
-0.25354886054992676
-0.09277782589197159
-0.16021865606307983
-0.13356387615203857
-0.06460988521575928
-0.19719697535037994
-0.564640998840332
-0.024329153820872307
0.06178692728281021
0.009367192164063454
0.07345984131097794
0.11583985388278961
0.0380404107272625
-0.041123054921627045
-0.039330288767814636
-0.03066149167716503
0.012012825347483158
0.0304237212985754
0.012649508193135262
0.04808839410543442
-0.051020149141550064
-0.03512095659971237
-0.008992981165647507
-0.34314683079719543
-0.20418770611286163
-0.01058130245655775
0.08733156323432922
-1.3198784589767456
-0.4077977240085602
-0.3639298975467682
-0.3008421063423157
-0.4374244511127472
-0.302571564912796
0.022178687155246735
-0.04282853752374649
-0.1960449069738388
-0.07866352051496506
-0.01719776540994644
-0.9573807120323181
-0.03331194072961807
-0.05061989650130272
0.016580946743488312
-0.011250713840126991
-0.03957662358880043
-0.034138958901166916
0.05205058306455612
0.0197728481143713
0.023432232439517975
0.006666169967502356
-0.002782645868137479
-0.010877784341573715
0.07662748545408249
-0.08370503783226013
0.028781918808817863
0.003015202935785055
0.10779165476560593
0.08780687302350998
-0.03538215905427933
0.05243156477808952
-0.7574738264083862
-0.3862636089324951
-0.07171530276536942
-0.2558921277523041
-0.2529101073741913
-0.2330750823020935
0.09335943311452866
0.08164113759994507
-0.0861644297838211
-0.171078622341156
0.015095069073140621
-0.3962884545326233
-1.0106443166732788
0.030200641602277756
-0.3711101710796356
0.030216863378882408
-0.3815319240093231
-0.0004945887485519052
0.023792689666152
0.02517901174724102
-0.1655617356300354
-0.13566577434539795
0.0063713910058140755
-0.7098187208175659
0.03211944177746773
-0.018430275842547417
-0.09505821019411087
-0.16203075647354126
-1.109178066253662
0.002044602297246456
-0.11709717661142349
0.06587851792573929
-0.10648602992296219
-0.05030350387096405
0.03585125505924225
-0.039280641824007034
0.010345195420086384
-0.0804966613650322
0.05238626152276993
-0.4023202657699585
0.014761957339942455
0.07812529802322388
-0.23704828321933746
-0.6694610118865967
-0.4537385404109955
0.11360052227973938
-0.09362717717885971
0.05782989785075188
0.07274089753627777
-0.02659524418413639
0.030390791594982147
-0.052546340972185135
-0.031701941043138504
0.0017998480470851064
-0.05493985489010811
-0.09045468270778656
-0.029452722519636154
0.00403742678463459
-0.056799426674842834
-0.12562063336372375
-1.343538761138916
-0.47094452381134033
-0.1826719492673874
-0.09872931241989136
-0.32095664739608765
-0.24565759301185608
-0.11752805858850479
-0.037680286914110184
-0.25094175338745117
-0.1760755181312561
-0.08922664821147919
-0.5091872811317444
-0.01704556494951248
-0.007337382063269615
-0.3519947826862335
-0.7650443911552429
-1.285019040107727
-0.28195345401763916
-0.03096167743206024
-0.0466834120452404
-0.24614419043064117
-0.18055246770381927
0.08203815668821335
0.001176018500700593
-0.2515047788619995
0.03742333874106407
0.06555493175983429
-0.561736524105072
0.005011099856346846
-0.0006028529605828226
-0.23832181096076965
-0.6492508053779602
-0.08925522863864899
-0.08760544657707214
-0.01627480424940586
0.06351839005947113
0.03790213167667389
0.018425006419420242
-0.0071925451047718525
0.01259074080735445
0.0905747041106224
-0.06590291857719421
-0.24262510240077972
0.03570810705423355
-0.01885579153895378
-0.14296314120292664
-0.009021533653140068
-0.0380612276494503
-0.329067200422287
-0.15177716314792633
-0.008930958807468414
-0.027452560141682625
-1.1517384052276611
0.1497199833393097
-0.29970449209213257
-0.13134390115737915
-0.21146874129772186
-0.0191147793084383
0.0917506217956543
0.10853704810142517
-0.059227488934993744
0.014505074359476566
0.01169354934245348
-1.0172483921051025
0.19245663285255432
0.22466430068016052
0.26766929030418396
0.010113376192748547
0.7865736484527588
0.1905662566423416
-0.07906924188137054
-0.11790147423744202
-0.054179150611162186
0.12599503993988037
0.5217440128326416
-0.00017034751363098621
0.042898911982774734
0.218795508146286
0.11565891653299332
0.090726837515831
0.3645114004611969
0.20797787606716156
-0.17472605407238007
0.14524252712726593
0.0054030874744057655
0.21568375825881958
-0.10469326376914978
-0.028046078979969025
0.15227526426315308
0.011976719833910465
-0.016005054116249084
0.3880608379840851
0.008090824820101261
-0.094314806163311
0.07306752353906631
0.1498604267835617
-0.3561083972454071
-0.05343867465853691
0.003854071255773306
0.06791893392801285
-0.1178644672036171
0.08888109773397446
-0.030353890731930733
0.027357321232557297
0.042635731399059296
-0.03364207595586777
-0.0463285893201828
-0.043923892080783844
-0.03659508004784584
0.04465124011039734
0.10579140484333038
0.0906648263335228
0.4699995517730713
0.09052804857492447
0.07312046736478806
0.07017272710800171
0.45058557391166687
0.008478312753140926
0.02941197156906128
0.0720256045460701
-0.15325261652469635
0.00980687327682972
-0.33588269352912903
0.05098184570670128
0.17857638001441956
0.14625303447246552
-0.004200252704322338
0.02457893267273903
0.47768303751945496
-0.19423457980155945
0.1159614622592926
-0.03823714703321457
0.26180827617645264
-0.27351832389831543
0.2123437523841858
-0.021874545142054558
-0.14019893109798431
-0.030910594388842583
0.023455005139112473
0.18570908904075623
0.07387068122625351
-0.003918601665645838
0.2809389531612396
0.2315039336681366
0.45990219712257385
0.05628543347120285
-0.0684642568230629
-0.11036389321088791
0.12546823918819427
0.05702774226665497
-0.08161500841379166
0.0062363967299461365
0.06894735991954803
0.010843195021152496
0.010581050999462605
0.050812698900699615
0.06291395425796509
-0.01291991863399744
0.19190895557403564
-0.04821353033185005
-0.2196446806192398
-0.05311238020658493
-0.00823576096445322
0.09536509215831757
-0.05996787175536156
-0.020427903160452843
0.0014278916642069817
-0.03840472549200058
-0.08902639150619507
0.06620578467845917
-0.14376826584339142
-0.02472183108329773
-0.023239251226186752
0.14413899183273315
-0.12374880164861679
0.042376767843961716
0.15323945879936218
0.20975984632968903
0.021479690447449684
0.013178039342164993
0.6600300669670105
0.23947660624980927
-0.15971125662326813
0.006768866907805204
0.1336085945367813
0.07717528194189072
-0.24697339534759521
-0.08385302126407623
0.09603972733020782
0.1617341935634613
0.07048682868480682
-0.08758264034986496
0.45494022965431213
0.1312059611082077
0.01702811010181904
0.01839669607579708
0.5307422280311584
0.12149735540151596
-0.1806418001651764
-0.03029920905828476
0.15364091098308563
0.17123249173164368
-0.051121145486831665
-0.003410111414268613
0.07583390921354294
0.04007164388895035
-0.01624615676701069
0.2828160524368286
0.8367271423339844
0.10781876742839813
-0.020317604765295982
-0.09229332208633423
0.521541953086853
0.18265332281589508
-0.10784442722797394
0.03349039703607559
0.18956613540649414
-0.05507392808794975
0.3117026388645172
-0.1691773533821106
0.1990172117948532
0.08616462349891663
0.4868605434894562
-0.005793048068881035
-0.010204639285802841
-0.04945073276758194
0.056932490319013596
0.04862020164728165
-0.029272854328155518
-0.03211637958884239
0.006653663702309132
-0.06084012985229492
-0.09312653541564941
0.026263123378157616
-0.005855542607605457
-0.01700032316148281
-0.0005559341516345739
-0.06070121377706528
-0.010690323077142239
-0.041167743504047394
-0.0012948614312335849
-0.003285948419943452
0.020309949293732643
0.03300417214632034
-0.06698929518461227
-0.03654540702700615
-0.04894706606864929
-0.031234830617904663
0.054987963289022446
-0.08451685309410095
-0.0501420833170414
-0.021745331585407257
0.0353117398917675
0.08030291646718979
-0.10388092696666718
-0.0016782094025984406
0.8034987449645996
0.0810992494225502
-0.08578043431043625
-0.07109031081199646
0.08042660355567932
0.029418883845210075
-0.11470860242843628
0.0449078194797039
0.2535765469074249
-0.002088261069729924
-0.024434203281998634
-0.0785071849822998
-0.016608556732535362
0.05762231722474098
0.27843233942985535
0.8150362968444824
0.21365980803966522
-0.08900880813598633
-0.09147952497005463
0.06107671558856964
-0.018019290640950203
-0.10937882214784622
-0.04487171396613121
-0.008416653610765934
-0.033510394394397736
0.005822002422064543
-0.1510770618915558
0.029857536777853966
-0.04798945412039757
0.13059714436531067
0.16593942046165466
0.32175716757774353
0.8206769227981567
0.2663305401802063
0.10338079929351807
-0.1280515044927597
0.697912871837616
0.08281391859054565
-0.10655034333467484
-0.14816075563430786
0.19508592784404755
-0.05944827198982239
0.37716707587242126
-0.13800624012947083
0.28379207849502563
0.2212485671043396
0.005192391108721495
0.18263819813728333
-0.013489337638020515
-0.21477867662906647
-0.06153789535164833
-0.022261783480644226
-0.2189374417066574
0.08044426888227463
0.0915098711848259
-0.04227020964026451
-0.021589146926999092
0.020385220646858215
0.0739041268825531
-0.03965005278587341
0.008608972653746605
0.07519194483757019
0.39468318223953247
0.20109134912490845
0.2786935269832611
-0.19377724826335907
-0.07748283445835114
0.11638645827770233
0.22067499160766602
-0.16480986773967743
-0.11080872267484665
-0.015579940751194954
0.17382170259952545
-0.020053310319781303
-0.3108530640602112
0.2051307111978531
-0.03168770298361778
0.13136206567287445
-0.07071781158447266
0.6091768145561218
-0.011718773283064365
-0.07055405527353287
0.0791536346077919
-0.0038935160264372826
0.32729294896125793
-0.27933961153030396
0.15872739255428314
-0.02740044891834259
0.028472917154431343
-0.05274297669529915
-0.03949957340955734
0.01496078446507454
0.12162506580352783
0.04942206293344498
0.3531395494937897
0.04217958077788353
0.13226689398288727
-0.04737328365445137
0.04539532586932182
0.03278825432062149
-0.058636393398046494
-0.12402254343032837
0.1884932518005371
0.021919945254921913
0.08124613016843796
0.1860363930463791
-0.0240734051913023
-0.03304284065961838
-0.020165078341960907
0.005015311762690544
-0.018561406061053276
-0.10291876643896103
0.3483305871486664
-0.24827811121940613
-0.03142393007874489
-0.004999216645956039
0.17594215273857117
-0.13505230844020844
-0.12578260898590088
0.0067305308766663074
0.009877673350274563
-0.0700858011841774
-0.5594837665557861
-0.2556031048297882
0.025462407618761063
0.12027513235807419
-0.2036820948123932
0.1255076378583908
0.7008775472640991
-0.02376691997051239
0.007020136807113886
-0.08335758745670319
0.25464552640914917
-0.09466534852981567
-0.23041604459285736
0.0457412414252758
0.182844877243042
0.14707548916339874
-0.06961162388324738
-0.20726017653942108
0.041825391352176666
-0.030109111219644547
0.23659153282642365
0.33768177032470703
-0.028849706053733826
0.00717203738167882
0.056977324187755585
-0.06408771872520447
-0.057003796100616455
0.0061651719734072685
-0.01717168465256691
0.03235679119825363
0.059516217559576035
0.08374026417732239
0.03464097902178764
-0.017354659736156464
-0.0691647082567215
-0.05017083138227463
0.04762871935963631
-0.08822941035032272
0.22026705741882324
0.16077063977718353
-0.04096334055066109
0.08122241497039795
0.532400906085968
0.24569286406040192
0.13612955808639526
0.24999628961086273
0.29076752066612244
0.06589922308921814
-0.06254076957702637
-0.0347917303442955
0.24755796790122986
0.12678371369838715
-0.054092247039079666
0.5643656253814697
-0.1205754205584526
0.05440736189484596
0.02088756114244461
-0.01014669705182314
-0.04098609834909439
0.05587906017899513
-0.026775075122714043
0.010902440175414085
0.043495576828718185
0.027217382565140724
0.04437137767672539
0.06021524965763092
0.02420247159898281
0.07305283099412918
0.013636847026646137
-0.019042329862713814
0.007982383482158184
-0.08509122580289841
-0.08758711069822311
-0.032069750130176544
0.3731064796447754
0.128155916929245
-0.12308459728956223
0.0068566324189305305
-0.009865798056125641
0.0486285574734211
-0.07607747614383698
-0.025940783321857452
0.13875927031040192
0.194199800491333
-0.08416027575731277
0.03766244649887085
0.443922221660614
-0.22183793783187866
0.11784753948450089
0.0036738228518515825
0.24999570846557617
-0.1257905662059784
0.00475330650806427
0.06582825630903244
0.011590473353862762
0.12400977313518524
0.015605964697897434
0.2511630356311798
-0.07751081138849258
0.021910805255174637
-0.17912238836288452
0.14062386751174927
0.5853258967399597
-0.23488803207874298
-0.03550010919570923
0.0030788013245910406
0.2198440283536911
-0.09105934202671051
-0.0990109071135521
0.036058567464351654
0.01617453806102276
0.0403754785656929
-0.12969651818275452
0.25679078698158264
0.03779579699039459
0.03171277418732643
0.10919404029846191
0.695328414440155
0.23979197442531586
-0.26947441697120667
-0.14232349395751953
-0.0718846246600151
-0.09529785066843033
0.022916344925761223
-0.024066606536507607
-0.04068312793970108
0.08489929884672165
-0.038281477987766266
0.015488171018660069
-0.13915733993053436
-0.039915233850479126
0.04376310482621193
0.07549895346164703
0.04955562949180603
0.39963895082473755
0.05061555653810501
-0.11569233238697052
-0.026029672473669052
0.033238619565963745
-0.00942306313663721
-0.13159732520580292
-0.04163132980465889
0.27201759815216064
0.08704803138971329
0.08306744694709778
-0.13755013048648834
0.010951297357678413
0.08196599036455154
0.0022408831864595413
0.8633569478988647
0.5913550853729248
0.055860139429569244
-0.1333257406949997
-0.016911549493670464
0.32143038511276245
-0.15573683381080627
-0.06909982860088348
0.08360885828733444
0.28981590270996094
0.054990388453006744
0.019990699365735054
-0.10381665825843811
-0.01192053034901619
0.009422245435416698
0.17766204476356506
0.7690486907958984
-0.04766269400715828
-0.04175501689314842
-0.0910150408744812
-0.05187704786658287
-0.03313473239541054
-0.12614643573760986
-0.025931084528565407
-0.0264175646007061
-0.17369140684604645
0.07301385700702667
0.07537440955638885
-0.05358845368027687
0.01289320643991232
0.2135171741247177
-0.14871057868003845
-0.030000092461705208
0.4518504738807678
0.03616880625486374
-0.004766357131302357
-0.01176568865776062
0.9627851247787476
-0.18371932208538055
0.05836280807852745
0.0252358578145504
0.264139324426651
-0.05919449031352997
-0.05126127228140831
0.05774691328406334
0.10116743296384811
0.07212748378515244
-0.019110487774014473
0.5808985233306885
-0.4285094738006592
-0.3661167621612549
-0.29785528779029846
-0.04206710681319237
-1.5595450401306152
-0.46925047039985657
-0.2487335056066513
-0.1141950860619545
-0.09565219283103943
-0.2994622588157654
-0.6555787920951843
0.029415028169751167
-0.011308989487588406
-0.1676836758852005
-0.14105355739593506
-0.6971356868743896
-0.8433593511581421
-0.2982121706008911
0.002762752817943692
-0.24463333189487457
-0.011239863932132721
-0.16233618557453156
-0.023126833140850067
-0.06303080916404724
-0.026791470125317574
-0.04549542814493179
0.004764036275446415
-0.5102226138114929
0.0348191037774086
0.04510969668626785
-0.19513432681560516
-0.1692630797624588
0.01159107405692339
0.05141766369342804
-0.08569969236850739
0.07421449571847916
0.037444476038217545
0.018918367102742195
0.06433934718370438
-0.012196548283100128
-0.026453126221895218
0.00903084222227335
-0.13237780332565308
0.043783921748399734
0.031192539259791374
-0.1952875703573227
-0.1422547698020935
-0.04625477269291878
-0.7223401069641113
-0.12192144989967346
-0.11177736520767212
0.037133313715457916
-1.0702166557312012
-0.2341906875371933
-0.21918407082557678
-0.13368435204029083
-0.1621391475200653
-0.18828585743904114
-0.023157021030783653
-0.0430537573993206
-0.15712465345859528
-0.18994620442390442
-0.01910420134663582
-0.18879801034927368
-1.0964922904968262
-0.006859768182039261
-0.33745378255844116
0.03796853870153427
-0.4738127887248993
0.021667789667844772
-0.20315000414848328
-0.029744047671556473
-0.14018508791923523
-0.03449172526597977
-0.10679756850004196
-0.49479663372039795
-0.07249198853969574
-0.004741856828331947
-0.38343772292137146
-0.1340217888355255
-1.0035337209701538
-0.2790805995464325
-0.021745705977082253
-0.07835695892572403
-0.12045459449291229
-0.10917273163795471
-0.10244736075401306
-0.043128665536642075
-0.09097352623939514
-0.11685346066951752
0.02728302963078022
-0.2516884207725525
-0.053878240287303925
0.08948077261447906
-0.10102429240942001
-0.056512366980314255
0.0517464205622673
-0.10488326847553253
-0.04243709146976471
0.0074961427599191666
-0.011199827305972576
-0.08000463992357254
0.06807316839694977
-0.013478674925863743
-0.014827379956841469
-0.05188034474849701
-0.030559027567505836
-0.014067542739212513
0.04364539310336113
-0.12767429649829865
0.2136322259902954
0.04094942659139633
-0.49618202447891235
-0.23282574117183685
-0.054734691977500916
-0.014385667629539967
-1.2630131244659424
-0.5831658840179443
-0.1179792657494545
-0.14992907643318176
-0.24842745065689087
-0.34030455350875854
-0.010598951950669289
-0.02910708449780941
-0.1051168367266655
-0.055275555700063705
-0.05192089453339577
-0.5537108778953552
-0.3639891445636749
-0.13038723170757294
-0.012180601246654987
-0.0809524655342102
-1.0546847581863403
-0.19032983481884003
-0.1140855923295021
-0.101224884390831
-0.28101789951324463
-0.2800179421901703
-0.050337519496679306
-0.045731425285339355
-0.15410216152668
-0.046977583318948746
-0.06045622378587723
-0.47240859270095825
-1.1237576007843018
-0.2919761538505554
-0.3116202652454376
-0.04621178284287453
-1.3448553085327148
-0.4098932147026062
-0.14743399620056152
-0.12531547248363495
-0.40470626950263977
-0.19248437881469727
-0.6317529082298279
-0.21961818635463715
-0.18512427806854248
-0.18862572312355042
-0.6087685823440552
-0.4257078170776367
-0.09381399303674698
-0.008884185925126076
-0.0853661298751831
-0.008128829300403595
-0.022598309442400932
0.012487928383052349
0.004504840355366468
0.03252558782696724
-0.0649193674325943
-0.08653221279382706
-0.05350761115550995
0.04439077153801918
-0.031466979533433914
0.09981714934110641
0.022841786965727806
-0.0036984276957809925
-0.014868899248540401
-0.014476868323981762
-0.019397633150219917
-0.006063583306968212
-0.010571192018687725
0.013778877444565296
0.06250210851430893
0.032078854739665985
0.01602545566856861
0.009677060879766941
0.0537593737244606
-0.014436590485274792
-0.00014616215776186436
0.03995132818818092
-0.10296248644590378
0.008802094496786594
-1.4928054809570312
-0.3718225955963135
-0.161685511469841
-0.10279731452465057
-0.21248391270637512
-0.23363740742206573
0.004177119117230177
-0.06517163664102554
-0.17652827501296997
-0.07862955331802368
-0.023198191076517105
-0.34722551703453064
0.025320803746581078
0.03214886039495468
-0.33187639713287354
-0.5914368033409119
-0.22640149295330048
0.007415106054395437
-0.23821298778057098
-0.03751089796423912
-0.018850311636924744
-0.08775099366903305
0.03782295435667038
-0.0020834733732044697
-0.11751356720924377
0.044507794082164764
-0.01200859248638153
-0.024262424558401108
-0.03498654067516327
-0.14542295038700104
-0.1577080339193344
-0.2992837429046631
-1.3698567152023315
-0.4009312093257904
-0.49420100450515747
-0.0990213006734848
-1.1085925102233887
-0.4785240888595581
-0.3136847913265228
-0.05720832198858261
-0.40491822361946106
-0.30178141593933105
-0.7429784536361694
-0.074730284512043
-0.07258062064647675
-0.2674320936203003
-0.18413661420345306
-0.9206922054290771
-0.45571446418762207
0.034927722066640854
-0.03738268092274666
0.07531511038541794
0.007592353038489819
-0.3450770676136017
-0.1726199835538864
0.10569604486227036
0.05461856350302696
0.059241145849227905
-0.06360843032598495
0.008093695156276226
-0.033814698457717896
-0.011793485842645168
-0.6878675222396851
-0.20061108469963074
-0.9028445482254028
-0.18501707911491394
-0.05334395915269852
-0.11928065121173859
-0.21748508512973785
-0.10799837112426758
0.07948140054941177
-0.12298234552145004
-0.2747880220413208
0.006247480399906635
-0.10068076103925705
-0.22909098863601685
0.03895602375268936
-0.07798612862825394
-0.1827262043952942
-0.6472210884094238
-0.040073759853839874
0.027293073013424873
0.045058514922857285
0.08697721362113953
-0.28992369771003723
0.00704326294362545
-0.22629687190055847
-0.05182700231671333
-0.14682923257350922
0.060536518692970276
0.022711729630827904
0.012856845743954182
-0.08912453800439835
-0.022293424233794212
-0.6801362037658691
-0.1089981272816658
-0.07925465703010559
0.007226595189422369
0.0006315747741609812
0.025355340912938118
-0.072670578956604
-0.05420327186584473
-0.22738759219646454
0.09032659232616425
-0.16593869030475616
-0.13801497220993042
-0.00040971231646835804
0.0229469146579504
-0.013742341659963131
0.07260957360267639
-0.2510734796524048
0.0013296018587425351
-0.5303083658218384
0.1020168736577034
-0.0676645040512085
0.1132497489452362
-0.3506728410720825
-0.03984341025352478
-0.12733207643032074
-0.03309642896056175
-0.07312105596065521
-0.017107058316469193
0.25322842597961426
-0.0616881288588047
-0.02625684253871441
-0.03735131770372391
-0.15763191878795624
-0.21443408727645874
-1.3289382457733154
-0.31781432032585144
-0.23308345675468445
-0.07823199033737183
-0.7702063322067261
-0.26080554723739624
0.06343482434749603
-0.151266410946846
-0.23994997143745422
-0.31453168392181396
-0.1072792336344719
0.01515507884323597
-0.0810767263174057
0.013493668287992477
-0.22278447449207306
-0.668933629989624
-0.014456217177212238
0.07832561433315277
0.005445940885692835
-0.008694843389093876
0.03924556449055672
0.0018459184793755412
0.016619279980659485
0.0849766656756401
0.12756942212581635
-0.024179691448807716
-0.005207933019846678
0.06533513218164444
-0.055363982915878296
0.049973584711551666
0.013795290142297745
-0.012611993588507175
-0.2168578952550888
-0.1544947624206543
0.011295344680547714
-0.05618021637201309
-1.3148225545883179
-0.3621053993701935
-0.38788068294525146
-0.2847238779067993
-0.41940245032310486
-0.3013383150100708
0.03184245154261589
0.054307129234075546
-0.1997089684009552
-0.05862388014793396
-0.1484907865524292
-0.9104540944099426
-0.03722609952092171
-0.06449513137340546
0.005420079920440912
0.03602457419037819
-0.0784512534737587
0.021608958020806313
0.05874459818005562
0.030926711857318878
-0.014016123488545418
-0.06976251304149628
-0.018868455663323402
0.02916371077299118
-0.026095330715179443
0.033192917704582214
0.015172342769801617
0.03686221316456795
-0.03627998009324074
0.04033868759870529
0.0926758199930191
-0.0006868576747365296
-0.8413159251213074
-0.440515398979187
0.009857647120952606
-0.223268061876297
-0.26600077748298645
-0.25993311405181885
0.04507739841938019
-0.04165409877896309
-0.1002604067325592
-0.1994384527206421
0.05580320581793785
-0.4855024516582489
-1.0554823875427246
-0.07855023443698883
-0.349254310131073
-0.015592046082019806
-0.2838021516799927
0.07732106000185013
-0.014848134480416775
0.033633433282375336
-0.08731988817453384
-0.1407555341720581
-0.046518269926309586
-0.6195732951164246
0.029390232637524605
-0.017739199101924896
-0.11645539104938507
-0.2055678516626358
-1.102856159210205
0.03509359061717987
-0.16418498754501343
-0.06985869258642197
-0.11895400285720825
-0.15040163695812225
-0.012682145461440086
-0.018363747745752335
0.016257474198937416
-0.02960125543177128
-0.002346843248233199
-0.35223260521888733
-0.05142419785261154
-0.005000330042093992
-0.23150119185447693
-0.5769011378288269
-0.4295456111431122
-0.032300643622875214
-0.02069876156747341
-0.050021372735500336
0.021883435547351837
-0.023694371804594994
-0.08574477583169937
0.009107677266001701
-0.0023686420172452927
0.07232196629047394
0.024301888421177864
0.04205920547246933
0.039276063442230225
0.01924244314432144
-0.03621869534254074
-0.01781034655869007
-1.3815772533416748
-0.46544069051742554
-0.19373588263988495
-0.0910896584391594
-0.28861692547798157
-0.193595752120018
-0.14866814017295837
-0.07497189193964005
-0.21025002002716064
-0.1442781537771225
0.04326390475034714
-0.3151395320892334
-0.02204478532075882
-0.09705443680286407
-0.2940315008163452
-0.7234050035476685
-1.2141165733337402
-0.29126831889152527
0.013480094261467457
-0.023150309920310974
-0.2112002968788147
-0.15213504433631897
0.13620835542678833
-0.11534712463617325
-0.21736843883991241
-0.032744791358709335
0.03844450041651726
-0.5646799802780151
0.04105425253510475
-0.003461747895926237
-0.25348806381225586
-0.637546956539154
-0.04785788431763649
-0.06741854548454285
-0.05186215043067932
-0.03112894482910633
0.014743124134838581
-0.1001046746969223
-0.06538635492324829
0.04672647640109062
0.041615355759859085
-0.11423670500516891
-0.1594516485929489
-0.1059756651520729
-0.07379592210054398
-0.06524302810430527
0.018345681950449944
0.0002898811944760382
-0.337921679019928
-0.0861116498708725
-0.08854611963033676
-0.012920512817800045
-1.1484551429748535
0.08384912461042404
-0.4299677312374115
0.016810433939099312
-0.22019459307193756
-0.07224070280790329
0.06759008020162582
-0.05558202043175697
-0.04033023118972778
0.010026580654084682
-0.021703217178583145
-0.8678582310676575
0.3502725064754486
0.25730031728744507
0.2734154760837555
0.027710024267435074
0.8524660468101501
0.1896820217370987
-0.013690290972590446
-0.12464755028486252
-0.04671364277601242
0.1994757056236267
0.35516276955604553
0.0015638386830687523
0.181167334318161
0.16756358742713928
0.2130860835313797
-0.17111614346504211
0.33325785398483276
0.3117188513278961
-0.11154891550540924
0.14113721251487732
0.053698088973760605
0.19003404676914215
-0.026512572541832924
-0.008763610385358334
0.03640338405966759
-0.07819165289402008
0.06859831511974335
0.2684471011161804
-0.07858593016862869
0.02484680712223053
0.04971325770020485
0.11943423002958298
-0.11936398595571518
-0.06805361807346344
0.0752585306763649
-0.009461014531552792
0.06254042685031891
0.046037301421165466
0.041621845215559006
0.04131293669342995
0.06278650462627411
0.031125498935580254
-0.108127161860466
-0.005504412576556206
0.07299195230007172
0.05053058639168739
0.1726773977279663
0.12802883982658386
0.6037735939025879
0.061026379466056824
0.10937055945396423
-0.005535063799470663
0.31819549202919006
0.006839204113930464
-0.0409022681415081
0.0353819765150547
-0.17685402929782867
0.01879626326262951
-0.4233061373233795
-0.011803777888417244
0.15269561111927032
0.15328140556812286
-0.19804251194000244
-0.21709075570106506
0.40843090415000916
-0.029286310076713562
0.11835919320583344
-0.018672645092010498
0.3790915012359619
-0.1289016157388687
0.1622612476348877
0.028673306107521057
-0.11772462725639343
-0.09954939782619476
-0.016057854518294334
0.0034589001443237066
0.0926922932267189
-0.008870751596987247
0.2770412564277649
0.18087628483772278
0.4439505934715271
0.09213807433843613
-0.1236228421330452
-0.08173443377017975
0.1203775703907013
0.2057747095823288
-0.043890200555324554
-0.05922015756368637
0.11396662145853043
0.13030864298343658
-0.013343253172934055
-0.22299867868423462
0.0312094334512949
-0.06952910870313644
0.1591426581144333
-0.04889630898833275
-0.10407937318086624
-0.14935144782066345
-0.07056882232427597
-0.0021947983186692
-0.12796282768249512
-0.046477191150188446
-0.030323969200253487
0.0835038498044014
-0.09992608428001404
0.03749411180615425
-0.1072690337896347
-0.0297982357442379
0.06830696761608124
0.1484779566526413
-0.3189808428287506
0.06862562894821167
0.2284921109676361
0.09092424064874649
0.060577407479286194
0.011971896514296532
0.39366424083709717
0.23951521515846252
-0.09324941039085388
-0.11571571230888367
-0.11219844967126846
0.1957607865333557
-0.34384915232658386
0.007847950793802738
0.09140585362911224
0.17507721483707428
0.058227039873600006
-0.3444129526615143
0.46421971917152405
0.18878749012947083
0.048025839030742645
-0.05616232752799988
0.5196917057037354
0.2698940336704254
-0.0659351646900177
-0.0943465456366539
0.05698851868510246
0.21463096141815186
-0.1351138800382614
-0.04711759090423584
-0.025044651702046394
-0.07070421427488327
-0.016664329916238785
0.025505270808935165
0.6070265769958496
0.171417698264122
0.13138912618160248
-0.01171428058296442
0.5272386074066162
0.2469402402639389
-0.13631543517112732
0.018341828137636185
0.08582234382629395
0.09202953428030014
0.3311484456062317
-0.3370593786239624
0.18494458496570587
0.11682943999767303
0.5297060012817383
-0.2218882441520691
0.0019900610204786062
0.05835069715976715
-0.060214295983314514
-0.01119567546993494
0.05126682668924332
0.029475398361682892
-0.06793341785669327
-0.042791448533535004
0.07307243347167969
-0.00838402658700943
0.03548606485128403
-0.051122523844242096
-0.028129035606980324
-0.07744953036308289
0.009694298729300499
0.023484887555241585
0.058718033134937286
-0.0070196483284235
-0.048055119812488556
0.08627678453922272
-0.0033004467841237783
-0.03329794108867645
-0.07856728136539459
-0.014220522716641426
0.0512065663933754
-0.03647317737340927
-0.02934391237795353
-0.06512665003538132
-0.021429285407066345
0.03944851830601692
-0.043881405144929886
0.02932603284716606
0.7531464099884033
0.2032601237297058
-0.10421375185251236
-0.05305587872862816
0.1054888591170311
0.13348831236362457
-0.16747784614562988
0.012808769010007381
0.2169189453125
0.008201217278838158
0.035466209053993225
-0.42358601093292236
-0.04104725643992424
0.028744898736476898
0.277629017829895
0.8531137704849243
0.19984911382198334
-0.0219306368380785
-0.03175288811326027
0.012324962764978409
0.009431854821741581
-0.1470804512500763
-0.06844468414783478
-0.019343281164765358
-0.004753252491354942
-0.023479145020246506
-0.2608952224254608
0.0037916700821369886
0.01618655025959015
0.11742443591356277
0.09370998293161392
0.3971439003944397
0.7606265544891357
0.35337790846824646
0.25338467955589294
-0.05427716672420502
0.49704527854919434
0.30217915773391724
-0.035172238945961
-0.02184448204934597
0.13692443072795868
0.27031758427619934
0.289676308631897
-0.4399349093437195
0.313833624124527
0.23699785768985748
-0.06515762209892273
0.2856636345386505
-0.21640703082084656
-0.15792009234428406
-0.018163146451115608
0.10994856059551239
-0.15393517911434174
0.2103470116853714
0.12734085321426392
0.026317108422517776
-0.06993916630744934
0.0616166815161705
0.1340678632259369
-0.18701091408729553
-0.08639688044786453
-0.016197538003325462
0.5727830529212952
0.09846165776252747
0.102262482047081
-0.09126207232475281
-0.0842222049832344
0.09524394571781158
0.06708768010139465
-0.05830581858754158
-0.2279467135667801
0.0725448802113533
0.11083526164293289
-0.03671889752149582
-0.29148101806640625
0.08661409467458725
0.003377291141077876
0.08120740205049515
-0.03337579593062401
0.6536300182342529
-0.007265306077897549
0.03959476947784424
0.011703252792358398
0.03998998925089836
0.2522087097167969
-0.1863337755203247
0.17108392715454102
-0.04192965477705002
0.19275864958763123
-0.14468911290168762
0.05210928991436958
0.04865265637636185
0.08312959969043732
-0.004657740239053965
0.4516211748123169
-0.007798598147928715
0.13617132604122162
0.02607346512377262
0.03516718000173569
-0.008430521003901958
0.0022037613671272993
-0.12393280118703842
0.24513721466064453
-0.05497099086642265
0.041056349873542786
0.1152048110961914
-0.05188489705324173
-0.0043889861553907394
0.011048620566725731
0.002953589428216219
-0.09509982168674469
-0.015689143911004066
0.28993654251098633
-0.17770083248615265
-0.06710449606180191
-0.017347322776913643
0.0698278546333313
-0.12386056780815125
-0.1124790608882904
0.05527395382523537
0.167173370718956
-0.17189127206802368
-0.52406907081604
-0.15279625356197357
0.13958172500133514
0.14181576669216156
-0.18948347866535187
0.22416214644908905
0.7945931553840637
0.1142585426568985
-0.07823851704597473
-0.0997515395283699
0.316291481256485
0.1357334852218628
-0.22652961313724518
-0.09210283309221268
0.3191525638103485
0.35172757506370544
-0.05018503963947296
-0.49699079990386963
0.10064385086297989
0.013116924092173576
0.3113802373409271
0.23528550565242767
-0.04214276373386383
0.01177150383591652
0.0163614209741354
0.038861360400915146
0.08435817807912827
-0.029509223997592926
-0.05799306556582451
0.00043956300942227244
-0.06268984079360962
-0.016244128346443176
0.01755426824092865
0.04821261763572693
-0.04847409576177597
0.04639541730284691
-0.038337256759405136
-0.010440569370985031
0.26275429129600525
0.18214301764965057
0.023181157186627388
0.011588586494326591
0.3642651438713074
0.3379990756511688
0.17557920515537262
0.26262956857681274
0.2414059340953827
0.17695961892604828
-0.12280618399381638
-0.02603376843035221
0.2678910791873932
0.11588416993618011
-0.2300471067428589
0.3370274603366852
-0.037380900233983994
0.013980956748127937
-0.08477698266506195
0.0747077539563179
-0.06719943135976791
-0.1217631995677948
0.007983931340277195
0.011476007290184498
0.016757430508732796
-0.03232671692967415
-0.04374440014362335
0.01354953832924366
0.004541443660855293
-0.016790373250842094
-0.03254583850502968
0.03131495788693428
-0.06712841987609863
-0.22555555403232574
-0.09151026606559753
0.00979863665997982
0.3336915373802185
0.07141917198896408
-0.18227750062942505
0.03488967940211296
0.02615993469953537
0.22250813245773315
-0.2238636165857315
-0.011854703538119793
0.19710230827331543
0.22465777397155762
-0.14624536037445068
0.004402739927172661
0.3983202576637268
0.020143643021583557
0.12736056745052338
-0.032035887241363525
0.23236224055290222
-0.05233534052968025
-0.09208076447248459
-0.03763594850897789
0.011978795751929283
0.17471536993980408
0.02742433175444603
0.24538959562778473
-0.038704145699739456
0.033596623688936234
-0.046935923397541046
0.196245014667511
0.752810537815094
-0.054517947137355804
-0.025566883385181427
-0.0916329100728035
0.059063561260700226
-0.12122511118650436
-0.01354205422103405
-0.03110397607088089
0.06958827376365662
-0.037206556648015976
-0.04657357931137085
0.0838983803987503
0.013227714225649834
-0.011330146342515945
0.22281239926815033
0.7561278343200684
0.12019642442464828
-0.16466306149959564
-0.07523523271083832
-0.06331871449947357
-0.03801032528281212
-0.025698397308588028
0.025767967104911804
-0.03365800902247429
0.05831092223525047
0.049118753522634506
-0.024766771122813225
-0.18770024180412292
-0.033168286085128784
-0.009070225991308689
0.1580292284488678
0.07339132577180862
0.26541465520858765
0.22685804963111877
-0.08942712843418121
-0.08393723517656326
-0.06478617340326309
0.1097283735871315
-0.19570618867874146
0.027943242341279984
0.2684260606765747
0.0003488700313027948
0.05559256672859192
-0.40800124406814575
0.03580218553543091
0.014225122518837452
0.2452770620584488
0.9237172603607178
0.6996983885765076
0.001966322772204876
-0.08359257876873016
0.040458232164382935
0.25952860713005066
-0.08897540718317032
-0.14662612974643707
-0.08276305347681046
0.297126442193985
0.02999899350106716
-0.04709000512957573
-0.25729575753211975
-0.039529621601104736
0.05278121680021286
0.2283138632774353
0.8536404967308044
0.05961921438574791
-0.08412542194128036
-0.04217825084924698
0.020052878186106682
-0.04956459254026413
-0.09201865643262863
0.032543331384658813
0.07372387498617172
-0.15198707580566406
0.021882683038711548
0.012673648074269295
0.012225180864334106
0.030253242701292038
0.09906169772148132
-0.29520562291145325
-0.035903554409742355
0.34129828214645386
0.07007796317338943
-0.012839597649872303
-0.14270585775375366
0.923557698726654
-0.039519552141427994
0.2106047421693802
0.04317636042833328
0.18578658998012543
-0.019584380090236664
0.024071870371699333
-0.026616977527737617
0.004551035817712545
0.012691467069089413
0.0032841956708580256
0.5595235228538513
0.5060475468635559
0.2650653123855591
0.17291226983070374
0.0286543145775795
0.7876296639442444
0.41512545943260193
-0.11527698487043381
-0.16733284294605255
0.1484585702419281
0.1740812510251999
0.45820921659469604
-0.1219002828001976
0.2478489875793457
0.16560061275959015
0.14793506264686584
-0.0006559953326359391
0.4115520715713501
0.32135117053985596
-0.09485609829425812
0.15352889895439148
0.06195816397666931
0.28715309500694275
0.12422677129507065
0.06451334804296494
0.12771332263946533
-0.005396953318268061
-0.07557486742734909
0.30850329995155334
0.04046536982059479
-0.03676078841090202
-0.01244276762008667
0.1107000932097435
-0.05847647041082382
-0.12859737873077393
0.06299423426389694
-0.08904386311769485
0.016454005613923073
0.017502402886748314
-0.06774692982435226
0.018231965601444244
-0.0005251322290860116
-0.03574873134493828
-0.09772326052188873
-0.10345644503831863
-0.06680522114038467
0.10081708431243896
0.10225507616996765
0.17830121517181396
0.46621543169021606
0.08220379799604416
0.03437910974025726
0.024922918528318405
0.26478859782218933
-0.011687882244586945
-0.10550066083669662
0.035833459347486496
-0.024835694581270218
0.01703094318509102
-0.3636494576931
-0.015317857265472412
0.10988066345453262
-0.0009515851852484047
-0.1704622060060501
-0.2032623291015625
0.4726499617099762
-0.021225087344646454
-0.014017785899341106
-0.004178100731223822
0.49808934330940247
-0.2165466994047165
0.21997374296188354
0.0941384956240654
0.07513725757598877
-0.01839987374842167
0.004542040638625622
0.06702254712581635
-0.03186351805925369
0.07040932029485703
0.26008012890815735
0.21698439121246338
0.5522322654724121
0.07947752624750137
-0.13188044726848602
-0.06892316043376923
0.25580736994743347
0.13858160376548767
0.03280118480324745
0.011184440925717354
0.04238726943731308
0.16082598268985748
0.030773887410759926
-0.3202565610408783
-0.07871703803539276
-0.06567654013633728
0.17261871695518494
0.021668391302227974
-0.12281153351068497
-0.031675100326538086
0.028509346768260002
0.005628249142318964
-0.04838773235678673
-0.03990761563181877
-0.06488093733787537
0.039526280015707016
-0.04890044778585434
0.006662638857960701
-0.22679775953292847
-0.05390778183937073
-0.04237585887312889
0.0909850224852562
-0.3105285167694092
-0.0769433006644249
0.413129985332489
0.18424782156944275
0.001880075316876173
-0.03907664865255356
0.6346760392189026
0.3546067476272583
-0.27700716257095337
-0.05080724507570267
0.25920727849006653
0.25106146931648254
-0.3453472852706909
0.03265005350112915
0.15349093079566956
0.14928822219371796
0.09457999467849731
-0.3470667600631714
0.3896484673023224
0.15694774687290192
-0.059121374040842056
0.018474915996193886
0.44866862893104553
0.2017045021057129
-0.09862220287322998
-0.09294648468494415
0.26251092553138733
0.2166990339756012
-0.020184362307190895
-0.03074614144861698
0.056950800120830536
0.058337945491075516
0.0009230369469150901
-0.05333101004362106
0.700693666934967
0.21849600970745087
0.04330499470233917
-0.11424631625413895
0.7232853770256042
0.2877272963523865
-0.19011974334716797
0.0038353486452251673
0.5719867944717407
0.09901315718889236
0.20425860583782196
-0.2802416682243347
0.2018422931432724
0.13066071271896362
0.49614351987838745
-0.15035834908485413
0.04497343674302101
-0.005892408080399036
-0.034047745168209076
0.03982016071677208
0.07269267737865448
0.01214247103780508
0.044760219752788544
0.01235260907560587
0.033715665340423584
0.04502806439995766
0.06420119106769562
-0.07928712666034698
-0.007831232622265816
0.0574791245162487
-0.008906019851565361
-0.005222167819738388
0.02554783783853054
-0.04841231554746628
0.05763651430606842
-0.027401356026530266
-0.010857456363737583
-0.09653717279434204
-0.013754427433013916
0.04902046173810959
-0.022227119654417038
-0.09548095613718033
0.057467021048069
0.07767528295516968
0.0153467683121562
-0.05368472635746002
-0.06021042913198471
-0.016092956066131592
0.8820566534996033
0.22430051863193512
-0.19171835482120514
-0.12292966991662979
0.262368381023407
0.12197359651327133
-0.002925983164459467
0.04897027835249901
0.2940707504749298
0.03465963155031204
0.008262185379862785
-0.4114771783351898
-0.001338474452495575
-0.01847461797297001
0.32258516550064087
0.9654194116592407
0.22342826426029205
-0.16182930767536163
-0.02194228582084179
-0.022330669686198235
-0.026057889685034752
-0.1299922615289688
-0.10508088022470474
0.08508768677711487
-0.042849261313676834
0.05048756301403046
-0.36604446172714233
-0.04937739297747612
-0.061794448643922806
0.11440838128328323
0.11999703198671341
0.4019395709037781
0.847050666809082
0.2737060487270355
0.06290874630212784
-0.15860626101493835
0.6552994251251221
0.29804980754852295
0.016401071101427078
-0.0684390664100647
0.5081772804260254
0.2667401134967804
0.3369006812572479
-0.33126363158226013
0.20571574568748474
0.17686747014522552
-0.17264370620250702
0.1379597783088684
-0.04782450199127197
-0.008100111037492752
-0.07053326070308685
-0.04486977308988571
0.14273656904697418
0.09949757903814316
0.17194384336471558
-0.057792648673057556
-0.003020054195076227
-0.0400300994515419
0.05766534060239792
-0.17172664403915405
-0.0044267261400818825
0.08428079634904861
0.5840508341789246
0.14531250298023224
0.1842319369316101
0.023204948753118515
-0.0969543308019638
0.059685494750738144
0.3601108193397522
0.10553032904863358
-0.060965459793806076
-0.11167437583208084
0.1456475853919983
-0.0025795951951295137
-0.20318067073822021
0.0663783848285675
-0.005679076537489891
0.16715584695339203
-0.169090136885643
0.7203799486160278
0.047303490340709686
0.026389295235276222
-0.014106044545769691
0.03139790892601013
0.26444539427757263
-0.18922917544841766
0.12468452006578445
-0.051856279373168945
0.11546674370765686
-0.008969839662313461
-0.00720043433830142
0.00392555259168148
0.07896021753549576
0.08052904158830643
0.2754030227661133
-0.03537914529442787
0.1937117725610733
0.05041157454252243
0.04745806008577347
-0.053432904183864594
0.1256667971611023
-0.16049985587596893
0.21699021756649017
-0.04544128105044365
0.053392644971609116
0.111422598361969
0.004697559867054224
0.05504094809293747
-0.01571905054152012
0.028512613847851753
-0.09381531924009323
-0.024577388539910316
0.34414756298065186
-0.1557716280221939
-0.05644151195883751
-0.051783476024866104
0.25310423970222473
-0.18050332367420197
-0.09197531640529633
0.02317008562386036
0.23673394322395325
-0.0298613328486681
-0.3735302984714508
-0.21454738080501556
0.0413365364074707
0.16721083223819733
-0.19649066030979156
0.3693423569202423
0.7276224493980408
0.17506764829158783
-0.15075163543224335
-0.15723559260368347
0.5198675990104675
0.07635103911161423
-0.1792754828929901
-0.07398372888565063
0.5175748467445374
0.2882348895072937
0.00268451776355505
-0.5142995119094849
0.04444368928670883
0.06180233880877495
0.1761004775762558
0.21607621014118195
-0.0034447903744876385
-0.009930185973644257
-0.012564748525619507
-0.06389743089675903
-0.050113677978515625
0.048015475273132324
-0.054898638278245926
-0.01670212484896183
-0.03613017499446869
0.028910521417856216
-0.1025598794221878
0.037157800048589706
0.061912886798381805
-0.056336577981710434
0.033126432448625565
0.05846259370446205
0.27471840381622314
0.13392770290374756
0.08795644342899323
0.01845034584403038
0.5450818538665771
0.43906369805336
-0.004637153819203377
0.15744629502296448
0.5159454941749573
0.14024992287158966
-0.07558310031890869
0.014103845693171024
0.25446557998657227
0.09027571231126785
-0.26428934931755066
0.43700727820396423
0.09782418608665466
0.03224484249949455
0.019434140995144844
0.013619539327919483
-0.01810312643647194
-0.00932413898408413
0.04147336632013321
0.051744792610406876
-0.030397338792681694
0.06175275892019272
-0.05634734407067299
-0.007433649152517319
-0.027825726196169853
0.008994384668767452
-0.0024881477002054453
0.051747821271419525
-0.042109888046979904
-0.05972640588879585
-0.021725941449403763
0.0602007620036602
0.35986894369125366
0.26774662733078003
-0.07120824605226517
-0.04798109456896782
0.08492377400398254
0.22338710725307465
-0.1284540593624115
-0.029195016250014305
0.1551084667444229
0.19661566615104675
-0.09892784804105759
0.0032208433840423822
0.45306476950645447
-0.016928313300013542
0.041527193039655685
0.01615956611931324
0.3407875895500183
-0.20648890733718872
-0.01753995567560196
0.06755868345499039
0.08309299498796463
0.23203229904174805
0.05352615565061569
0.24379727244377136
-0.039831988513469696
0.04472902789711952
-0.21116042137145996
0.16076534986495972
0.7184799313545227
-0.025463171303272247
-0.03602217510342598
0.023852117359638214
0.21573613584041595
-0.09946563839912415
-0.057795096188783646
0.04941300302743912
0.05851472541689873
0.04115835577249527
-0.06439924240112305
0.1942523717880249
-0.024357197806239128
-0.025691287592053413
0.15137648582458496
0.7880988717079163
0.1523621678352356
-0.14068950712680817
-0.0975516065955162
-0.07460737228393555
-0.0014630639925599098
0.007004744838923216
-0.03772920370101929
-0.03749557584524155
0.02959815040230751
0.03387424722313881
0.04264768585562706
-0.17822548747062683
0.1085711419582367
0.025631705299019814
0.048637792468070984
-0.01289259735494852
0.46703630685806274
0.32327157258987427
-0.15700459480285645
-0.12806478142738342
0.28095582127571106
0.01377886813133955
-0.04853487014770508
-0.005733609665185213
0.3535664677619934
0.16230963170528412
0.07422826439142227
-0.42721351981163025
0.009901975281536579
0.10505174100399017
0.13310135900974274
0.8941559195518494
0.7521883845329285
0.13928695023059845
-0.1366901695728302
0.006225684657692909
0.3108309507369995
-0.05390971153974533
-0.2207264006137848
-0.025900250300765038
0.2543538510799408
0.08496777713298798
-0.017476053908467293
-0.21104545891284943
-0.03716592863202095
0.058910030871629715
0.17842605710029602
0.795956552028656
-0.002171024214476347
-0.00908015388995409
0.03897184506058693
-0.0040855733677744865
-0.04131652042269707
-0.07666365057229996
0.023611685261130333
0.029974371194839478
-0.12542876601219177
0.02114185504615307
0.04809980466961861
0.02507287822663784
-0.09624738246202469
0.1565980166196823
-0.3042100667953491
0.023857979103922844
0.3373003304004669
0.09403993934392929
0.002530342200770974
0.018520038574934006
0.9307965040206909
0.03027021326124668
4.959559009876102e-05
0.01764821633696556
0.4373632073402405
0.08531013876199722
-0.05949294567108154
0.009026166051626205
0.13165242969989777
0.013530361466109753
-0.026219403371214867
0.6079495549201965
-0.44094815850257874
-0.4798676669597626
-0.24412307143211365
-0.031220881268382072
-1.4150598049163818
-0.48276403546333313
-0.2086343765258789
-0.12407061457633972
-0.1501733660697937
-0.25345081090927124
-0.6779305338859558
-0.044211842119693756
-0.10612732917070389
-0.06164669618010521
-0.21337813138961792
-0.698150098323822
-0.8829709887504578
-0.30778348445892334
-0.00450397003442049
-0.2271936684846878
-0.01374636311084032
-0.21481142938137054
0.05753202363848686
-0.06774118542671204
-0.033586286008358
0.061722029000520706
0.0016531938454136252
-0.5519307255744934
-0.06035984307527542
0.017815137282013893
-0.17081265151500702
-0.3075712323188782
-0.006379729602485895
-0.05753272399306297
-0.08644501119852066
-0.04024740681052208
0.06451877951622009
-0.014020116999745369
0.030912231653928757
0.01865188404917717
-0.029920445755124092
-0.018474888056516647
-0.0386149100959301
0.015262953005731106
-0.00029467069543898106
-0.06934233009815216
-0.041231803596019745
-0.11326198279857635
-0.7788158059120178
-0.14247973263263702
-0.025432033464312553
0.00039156805723905563
-1.0553871393203735
-0.2780783772468567
-0.205479696393013
-0.055081602185964584
-0.14466741681098938
-0.15176811814308167
0.06298839300870895
-0.03256155177950859
-0.09235183149576187
-0.18275035917758942
-0.0585562102496624
-0.30388572812080383
-1.067956805229187
0.03854677453637123
-0.29400092363357544
-0.02261325903236866
-0.4322165846824646
0.09906332194805145
-0.26908817887306213
0.02158946357667446
-0.028648240491747856
0.021933386102318764
-0.07348032295703888
-0.3983026146888733
0.011277779936790466
-0.033187251538038254
-0.4026879072189331
-0.16123346984386444
-0.9935998320579529
-0.23003529012203217
-0.11067499220371246
0.0029583238065242767
-0.058250438421964645
-0.18786503374576569
-0.11829040199518204
0.017506282776594162
-0.10089554637670517
-0.1300096958875656
-0.04089019075036049
-0.2271573394536972
0.0067275636829435825
-0.035599011927843094
-0.22231699526309967
-0.043000079691410065
0.08186820894479752
0.03184422105550766
-0.057100385427474976
0.08861742168664932
-0.017801517620682716
-0.08594806492328644
0.05425626039505005
0.03740694373846054
-0.00027921507717110217
-0.14382702112197876
-0.04136466607451439
-0.07095524668693542
-0.024172862991690636
-0.028512658551335335
0.03933299705386162
0.03154486417770386
-0.5030673742294312
-0.15424509346485138
-0.043068479746580124
0.014504978433251381
-1.273366093635559
-0.454937607049942
0.037878844887018204
-0.09580826759338379
-0.16252438724040985
-0.3364556133747101
0.08725330978631973
-0.04202777147293091
-0.07984967529773712
-0.09483043849468231
-0.1445315033197403
-0.5196515917778015
-0.3707946538925171
-0.14624571800231934
-0.07711291313171387
0.03544431924819946
-1.055759072303772
-0.2834439277648926
-0.0495629645884037
-0.036601658910512924
-0.17776429653167725
-0.33153748512268066
-0.015161807648837566
0.03402305021882057
-0.07256629317998886
-0.005016690120100975
-0.04346253722906113
-0.45462581515312195
-1.1202263832092285
-0.36754730343818665
-0.2660275399684906
0.06084629148244858
-1.2554008960723877
-0.45011812448501587
-0.16091056168079376
-0.04398978129029274
-0.4679383635520935
-0.17701582610607147
-0.6120549440383911
-0.21573235094547272
-0.16042977571487427
-0.11671379953622818
-0.5320594310760498
-0.4462493360042572
0.04105064272880554
0.08660167455673218
0.0356583334505558
-0.0403234139084816
0.009510652162134647
-0.03792048245668411
-0.017032304778695107
-0.06280740350484848
0.05813838914036751
0.010373403318226337
0.03215331956744194
-0.014254803769290447
-0.05847727507352829
0.07085719704627991
-0.014250977896153927
-0.04282795637845993
-0.06456488370895386
-0.04618888720870018
-0.009881057776510715
-0.05694860965013504
-0.052342064678668976
0.0018047003541141748
0.07734430581331253
-0.029439380392432213
0.008073319680988789
-0.016660768538713455
0.0966222807765007
0.0078097074292600155
-0.04289215803146362
-0.001335721928626299
-0.05326060578227043
0.04768386855721474
-1.4505629539489746
-0.47090384364128113
-0.042356789112091064
-0.08518746495246887
-0.23398734629154205
-0.22375725209712982
0.08134040981531143
-0.035225965082645416
-0.25868457555770874
-0.06845389306545258
-0.09125275909900665
-0.38725924491882324
0.024145986884832382
0.024142658337950706
-0.36938443779945374
-0.7096632719039917
-0.25805285573005676
0.09980680793523788
-0.12948958575725555
-0.020963387563824654
0.07474248111248016
-0.014543755911290646
0.07852160185575485
-0.0910506471991539
0.0671430230140686
-0.08195533603429794
-0.015282195061445236
0.024699365720152855
-0.03132837638258934
-0.2276494801044464
-0.12527577579021454
-0.33597394824028015
-1.3234426975250244
-0.48972055315971375
-0.4127773642539978
-0.05131211504340172
-1.1242706775665283
-0.5210943818092346
-0.22002707421779633
-0.09879650175571442
-0.36026719212532043
-0.2458542287349701
-0.728930652141571
-0.1785450130701065
-0.15427668392658234
-0.20964740216732025
-0.22236967086791992
-0.9404100775718689
-0.5114426612854004
0.021940896287560463
0.07936035096645355
-0.08159247785806656
-0.028810594230890274
-0.5151458382606506
-0.171804279088974
-0.014819495379924774
-0.03792738541960716
-0.016509536653757095
-0.045802272856235504
-0.16318312287330627
0.06323010474443436
-0.028660576790571213
-0.6602012515068054
-0.2160145342350006
-0.9169302582740784
-0.19133830070495605
-0.13517065346240997
-0.13045133650302887
-0.25922146439552307
-0.17732587456703186
0.11414826661348343
-0.04970461130142212
-0.25650227069854736
0.004877448547631502
0.07643326371908188
-0.2689369022846222
-0.006665120832622051
-0.10262644290924072
-0.0967632457613945
-0.6636765003204346
-0.03997712954878807
-0.017229102551937103
0.036676593124866486
0.01641775853931904
-0.3709818124771118
0.03409666195511818
-0.22758203744888306
0.021083123981952667
-0.1621614694595337
0.11015745997428894
0.04118073731660843
0.09711506962776184
-0.09140649437904358
0.013507683761417866
-0.6759970784187317
0.06536271423101425
-0.13066445291042328
-0.1000165268778801
0.052871234714984894
0.025292495265603065
-0.07464875280857086
0.00038901742664165795
-0.2695811688899994
-0.0468149334192276
-0.11596588790416718
-0.07062176614999771
-0.04244086518883705
-0.07385031133890152
-0.01872282661497593
0.0345144048333168
-0.18477033078670502
-0.006052594166249037
-0.6869989037513733
0.09679456055164337
-0.09952069073915482
0.018503019586205482
-0.3090081810951233
0.012887264601886272
-0.07948599755764008
0.05395780876278877
-0.0837131142616272
-0.02563566341996193
0.17493936419487
-0.06345077604055405
-0.04095793887972832
-0.011180782690644264
-0.20031329989433289
-0.249993696808815
-1.2965370416641235
-0.30258989334106445
-0.2663138508796692
-0.003490133909508586
-0.6540994644165039
-0.23069721460342407
0.05932202562689781
-0.19745764136314392
-0.14165747165679932
-0.2276236116886139
-0.07945969700813293
-0.16404937207698822
-0.0716952532529831
0.003932807128876448
-0.2256954312324524
-0.5149216651916504
-0.0103796711191535
0.06526531279087067
-0.024582162499427795
0.05996265262365341
-0.004777573514729738
-0.04256390407681465
0.06009294465184212
0.08016256242990494
-0.001807507942430675
0.02874131314456463
-0.09669305384159088
0.046878665685653687
-0.004422641824930906
0.04850481078028679
-0.021252736449241638
-0.03877335041761398
-0.33615002036094666
-0.19814389944076538
0.05201461911201477
0.07620684802532196
-1.2215534448623657
-0.3951748311519623
-0.39033541083335876
-0.2518044710159302
-0.3311552107334137
-0.28837889432907104
-0.022974997758865356
0.04580528289079666
-0.20677781105041504
-0.044772546738386154
-0.09940022230148315
-0.9316782355308533
3.850156190310372e-06
-0.03424462303519249
-0.0017340686172246933
-0.05524951219558716
0.0038035379257053137
-0.007952956482768059
-0.030339350923895836
-0.02297152578830719
0.024548977613449097
-0.007968684658408165
0.025735929608345032
-0.052767373621463776
-0.09262317419052124
-0.014977673068642616
-0.0359596312046051
-0.02861129306256771
0.0002649161033332348
0.09929943084716797
0.03437978774309158
0.004181071184575558
-0.8345617055892944
-0.4317788779735565
-0.05142473801970482
-0.12802888453006744
-0.30166134238243103
-0.2360004037618637
0.12668997049331665
-0.036936089396476746
-0.05616132169961929
-0.1506813019514084
0.036891818046569824
-0.37765854597091675
-0.9634603261947632
0.041370000690221786
-0.39959102869033813
0.000827594893053174
-0.3444279432296753
-0.08057315647602081
-0.03741399198770523
-0.12467442452907562
-0.09456607699394226
-0.13162186741828918
-0.013965700753033161
-0.714370846748352
0.014384586364030838
-0.04490659385919571
-0.05355795472860336
-0.21186135709285736
-1.0128175020217896
0.034069519490003586
-0.05796043202280998
0.11248628795146942
-0.12441002577543259
-0.05966050177812576
0.04218076914548874
-0.051644280552864075
-0.01629224233329296
0.028219575062394142
-0.025695649906992912
-0.3963067829608917
0.02537550777196884
-0.012756671756505966
-0.1760917603969574
-0.5951775312423706
-0.47567737102508545
0.08001779019832611
0.06346694380044937
0.03183196485042572
0.0651770681142807
-0.07691219449043274
0.015650562942028046
-0.11233663558959961
-0.10918742418289185
-0.030895788222551346
0.012248216196894646
-0.012385084293782711
0.008912242949008942
-0.04910552501678467
-0.058617305010557175
-0.05953630805015564
-1.3526285886764526
-0.49348995089530945
-0.1605633944272995
-0.03489424288272858
-0.29043880105018616
-0.18567471206188202
-0.08266982436180115
-0.016344742849469185
-0.23690791428089142
-0.16416704654693604
-0.030705982819199562
-0.3608754277229309
-0.06598124653100967
-0.07067369669675827
-0.30927854776382446
-0.7599480152130127
-1.3429791927337646
-0.2729688286781311
-0.06114053353667259
-0.0636465772986412
-0.32749685645103455
-0.11361198872327805
0.09039122611284256
-0.023463519290089607
-0.2166314274072647
-0.020744597539305687
0.021646013483405113
-0.578193187713623
0.10018330812454224
0.0018229588167741895
-0.3215928375720978
-0.6242676377296448
-0.09568728506565094
-0.03453093394637108
0.06596893072128296
0.03275433927774429
0.005971523001790047
-0.08738469332456589
-0.0002926057786680758
0.11416582018136978
0.03848704695701599
-0.013485523872077465
-0.15153510868549347
0.00023194322420749813
-0.04362337663769722
-0.022012779489159584
0.008723028004169464
0.04302791878581047
-0.30331552028656006
-0.04513565078377724
0.0048893955536186695
0.002880303654819727
-1.1924664974212646
0.1459500789642334
-0.4002094864845276
-0.03826471418142319
-0.1987750083208084
-0.13442344963550568
0.1767169088125229
-0.030334390699863434
-0.09400570392608643
-0.008594824001193047
-0.08976135402917862
-0.9316755533218384
-0.484189510345459
-0.42511606216430664
-0.20908254384994507
-0.023663176223635674
-1.3970818519592285
-0.3626667559146881
-0.18972352147102356
-0.039670269936323166
-0.13494761288166046
-0.3217756748199463
-0.6750341653823853
-9.306307038059458e-05
-0.12802329659461975
-0.21436677873134613
-0.22583545744419098
-0.7950237989425659
-0.8887035250663757
-0.2822963297367096
0.051047325134277344
-0.30699771642684937
-0.09408523887395859
-0.2509686052799225
0.054258473217487335
-0.0515032596886158
-0.012762387283146381
0.06627171486616135
-0.0454406663775444
-0.5953533053398132
-0.0049832602962851524
0.03284148871898651
-0.1753295212984085
-0.21987202763557434
0.043241702020168304
-0.05018521845340729
-0.05694492161273956
0.05095427483320236
0.05757317692041397
0.012548143975436687
0.0014840957010164857
0.023046858608722687
-0.08250755816698074
-0.02602756954729557
-0.09770891070365906
-0.08080989867448807
0.016294924542307854
-0.12474089115858078
-0.07836887985467911
-0.10404963046312332
-0.7399774193763733
-0.22149311006069183
0.0037991399876773357
-0.02629721723496914
-1.0661894083023071
-0.3035290837287903
-0.15490218997001648
-0.09879272431135178
-0.11633747071027756
-0.1917806714773178
0.04566460847854614
-0.039869070053100586
-0.2607208788394928
-0.16370035707950592
-0.13575878739356995
-0.3922300934791565
-1.0534043312072754
0.050470829010009766
-0.3517738878726959
0.001304094330407679
-0.5197048187255859
-0.011233478784561157
-0.18862663209438324
0.015943214297294617
-0.1024060919880867
0.012157808989286423
-0.01771482639014721
-0.5587072968482971
-0.0074852146208286285
-0.027525432407855988
-0.48526620864868164
-0.13332295417785645
-1.0154587030410767
-0.237913578748703
-0.045773543417453766
-0.0679977610707283
-0.14107827842235565
-0.13646917045116425
-0.11204025894403458
-0.024626735597848892
-0.11678670346736908
-0.08848680555820465
0.020627247169613838
-0.3830263316631317
0.00176908855792135
-0.05180639773607254
-0.08513001352548599
-0.024503732100129128
0.08003973960876465
-0.019453946501016617
0.011476673185825348
0.0665741041302681
-0.11757951229810715
-0.06639944016933441
0.05209836736321449
0.04115530475974083
0.07588879019021988
-0.07027486711740494
-0.08569624274969101
-0.024308618158102036
-0.011539431288838387
-0.09575234353542328
0.012468592263758183
-0.06164736673235893
-0.5138903856277466
-0.2035764753818512
-0.03390185907483101
0.029920751228928566
-1.2316806316375732
-0.5475319027900696
0.05611581355333328
-0.03301265463232994
-0.19932833313941956
-0.36296573281288147
0.07254348695278168
0.03321797400712967
-0.11937053501605988
-0.13109822571277618
-0.14501893520355225
-0.5318837761878967
-0.39094799757003784
-0.12729090452194214
0.11403632164001465
0.04873788356781006
-1.1268258094787598
-0.1904577761888504
-0.11795670539140701
0.012454155832529068
-0.04695906490087509
-0.2933700382709503
-0.03278518468141556
-0.012153069488704205
-0.11308403313159943
0.03047451190650463
0.0012099919840693474
-0.5628591775894165
-1.1054059267044067
-0.26904430985450745
-0.16611766815185547
0.028874482959508896
-1.2144620418548584
-0.36743804812431335
-0.06944850087165833
-0.038833845406770706
-0.44910264015197754
-0.195403054356575
-0.6911569237709045
-0.1993662416934967
-0.17358985543251038
-0.16577117145061493
-0.5879009366035461
-0.609922468662262
0.00895064789801836
-0.05350673943758011
0.01878325827419758
0.03501161187887192
0.10045339912176132
0.0702543556690216
0.059875983744859695
-0.013023117557168007
-0.0552469901740551
-0.009092967957258224
-0.026972971856594086
-0.0032250629737973213
-0.02108868770301342
-0.03504330664873123
0.03275328874588013
0.006576475687325001
0.01216649916023016
0.023953670635819435
4.064924723934382e-05
-0.034819599241018295
-0.013620792888104916
-0.03147214651107788
0.08733819425106049
-0.0016846160870045424
-0.013240847736597061
-0.08723940700292587
0.021211614832282066
0.019441889598965645
0.023647889494895935
0.01968279480934143
-0.1231762170791626
0.026484159752726555
-1.4519585371017456
-0.34603431820869446
-0.14178963005542755
-0.025614317506551743
-0.1738797128200531
-0.117008276283741
0.10291402041912079
-0.010675182566046715
-0.21654732525348663
-0.07105471193790436
-0.06541045755147934
-0.5174506306648254
-0.03532332926988602
0.009709421545267105
-0.20552363991737366
-0.7206490635871887
-0.15151941776275635
0.07822468131780624
-0.09004268050193787
-0.03860059753060341
0.0348050557076931
-0.017806926742196083
0.03943467512726784
-0.0017000507796183228
0.06495314091444016
0.011667423881590366
-0.14917686581611633
0.07406650483608246
0.09772175550460815
-0.07120490819215775
-0.20980770885944366
-0.31423220038414
-1.3940051794052124
-0.4414465129375458
-0.4754343032836914
-0.0801439881324768
-0.9880292415618896
-0.3673042058944702
-0.2658158242702484
-0.1430167853832245
-0.3185374140739441
-0.23905813694000244
-0.7526423931121826
-0.4099586308002472
-0.09635960310697556
-0.30536600947380066
-0.2938756048679352
-1.029749870300293
-0.46477431058883667
0.02374768629670143
-0.03141559660434723
-0.045191310346126556
0.09186779707670212
-0.4084048271179199
-0.11541243642568588
0.00446243304759264
0.04899705573916435
0.07107479125261307
-0.04339361563324928
-0.059782881289720535
-0.010481367819011211
-0.012080875225365162
-0.6484479308128357
-0.22346359491348267
-0.8292506337165833
-0.2439119815826416
-0.07452988624572754
-0.2000943422317505
-0.20994971692562103
-0.08398611843585968
0.02470187097787857
-0.0423450767993927
-0.17137861251831055
-0.02226126939058304
-0.08216628432273865
-0.45574626326560974
-0.0007199804531410336
-0.1225103884935379
-0.20402434468269348
-0.631652295589447
-0.04205447807908058
-0.042111657559871674
0.002662651240825653
0.09103988111019135
-0.37410250306129456
0.01650041714310646
-0.21768108010292053
-0.04607107862830162
-0.20414449274539948
0.09810017049312592
0.02024058811366558
0.040182847529649734
-0.09350936114788055
0.05441836267709732
-0.6594436168670654
-0.02079908736050129
-0.12349652498960495
0.0209910087287426
0.024023503065109253
-0.01017518900334835
-0.01564931496977806
-0.00916987657546997
-0.1523248553276062
0.0810265988111496
-0.18444539606571198
-0.11085416376590729
0.08891074359416962
0.05808274820446968
-0.05968254432082176
0.04441123455762863
-0.3375449776649475
0.04254148155450821
-0.5867401957511902
-0.018788715824484825
-0.02930462546646595
-0.019540460780262947
-0.24815119802951813
-0.041921500116586685
-0.07568740099668503
-0.0015991437248885632
-0.09984986484050751
-0.09091733396053314
0.27790340781211853
-0.04000227525830269
-0.04722527787089348
-0.120787613093853
-0.36434030532836914
-0.22085492312908173
-1.3525487184524536
-0.2606290876865387
-0.15853916108608246
0.03550988435745239
-0.7399154901504517
-0.21824271976947784
0.059006575495004654
-0.09760375320911407
-0.17967605590820312
-0.2298152893781662
-0.09898125380277634
-0.19502395391464233
-0.13757720589637756
-0.04453083872795105
-0.33649998903274536
-0.5642465949058533
0.025478888303041458
0.0019737975671887398
-0.02965642139315605
0.03236846998333931
-0.018565157428383827
-0.03001127392053604
0.007005481049418449
-0.02226627804338932
-0.016063135117292404
0.039040885865688324
0.004521617665886879
0.0037679087836295366
-0.022020364180207253
-0.02441747859120369
-0.09503432363271713
-0.0288032665848732
-0.26652857661247253
-0.24628455936908722
-0.03153391554951668
0.0696989968419075
-1.2797118425369263
-0.41188204288482666
-0.33998557925224304
-0.25805217027664185
-0.4427349269390106
-0.1847083866596222
0.029455645009875298
0.04805978015065193
-0.22142912447452545
-0.10573317110538483
-0.13915851712226868
-1.0166116952896118
0.043118156492710114
-0.050277452915906906
-0.09798962622880936
0.0761980414390564
-0.01310694869607687
-0.05963532254099846
0.023385901004076004
0.028408942744135857
0.03631974756717682
-0.0024991000536829233
0.005442697089165449
-0.013630875386297703
-0.021245980635285378
-0.033107370138168335
0.031875528395175934
-0.04467786103487015
0.0730036273598671
0.03650514781475067
0.00931340828537941
0.050765134394168854
-0.8646501302719116
-0.48100006580352783
-0.04274963587522507
-0.15945838391780853
-0.3691212236881256
-0.28338220715522766
0.08272737264633179
-0.029606612399220467
-0.09278254956007004
-0.21068140864372253
0.04830200970172882
-0.5270091891288757
-1.0607110261917114
0.023883432149887085
-0.37073105573654175
0.02393576316535473
-0.30653461813926697
-0.011339805088937283
-0.00023822953517083079
-0.036171138286590576
-0.07685066014528275
-0.1562778353691101
0.06929589062929153
-0.7597901225090027
0.04990633577108383
0.0023693200200796127
-0.1947544515132904
-0.10910613089799881
-1.0556951761245728
0.023268021643161774
-0.1913450062274933
-0.013123990036547184
-0.23369300365447998
-0.10853064060211182
0.09559919685125351
-0.02310984395444393
0.001094265142455697
-0.052645016461610794
0.021739138290286064
-0.4851619601249695
0.060271456837654114
0.03181622177362442
-0.30254045128822327
-0.4836766719818115
-0.42515069246292114
0.04126083105802536
0.05201486498117447
0.08131066709756851
0.018666699528694153
0.010308444499969482
-0.061330828815698624
-0.00900848489254713
-0.0028941924683749676
0.04245614632964134
0.008541682735085487
-0.09936276078224182
0.005920443218201399
0.006640410982072353
0.008050602860748768
-0.05010678619146347
-1.3981492519378662
-0.5095656514167786
-0.15610292553901672
-0.05514457821846008
-0.22112302482128143
-0.23257189989089966
-0.05063844472169876
-0.10525523871183395
-0.22963999211788177
-0.21127867698669434
-0.017768414691090584
-0.5460522770881653
0.017220603302121162
-0.10984454303979874
-0.4042990505695343
-0.7175986170768738
-1.3038299083709717
-0.3352771997451782
-0.0484294556081295
-0.05139577388763428
-0.2498069554567337
-0.11892888695001602
0.13866659998893738
-0.0473063699901104
-0.20291592180728912
-0.006248694844543934
0.08138806372880936
-0.6888322234153748
0.03582755848765373
-0.09131380170583725
-0.2709389328956604
-0.6523709297180176
-0.08507965505123138
-0.015912778675556183
9.709696314530447e-05
0.026778992265462875
0.008926012553274632
-0.08161462098360062
-0.061059530824422836
0.035567790269851685
0.04217752069234848
-0.10941676050424576
-0.22076091170310974
-0.017055125907063484
0.01336071826517582
-0.10275740921497345
0.056071218103170395
0.03891891613602638
-0.3532578647136688
-0.08745726943016052
0.07352939248085022
0.013459320180118084
-1.171837329864502
0.09610390663146973
-0.36357375979423523
-0.05821331962943077
-0.271516352891922
-0.030910048633813858
0.10383492708206177
-0.0477207787334919
-0.04593423008918762
0.008044215850532055
-0.02425103262066841
-0.9483376145362854
-0.46018749475479126
-0.405924528837204
-0.19475463032722473
-0.009495298378169537
-1.4130973815917969
-0.4817700982093811
-0.11270114779472351
-0.08664929121732712
-0.16478855907917023
-0.2695161998271942
-0.6276198625564575
0.0026420974172651768
-0.08582400530576706
-0.18158918619155884
-0.1983698308467865
-0.6193515062332153
-0.8643260598182678
-0.2531639635562897
0.03370988741517067
-0.21571537852287292
-0.08225960284471512
-0.22542433440685272
-0.024353615939617157
-0.023974604904651642
-0.027704278007149696
-0.020510708913207054
-0.07081355154514313
-0.5472534894943237
0.0018934464314952493
0.05415276065468788
-0.1601228266954422
-0.16521714627742767
0.0811682865023613
-0.10972458869218826
-0.07139196246862411
0.02217484824359417
0.004545947071164846
-0.018477464094758034
-0.029443899169564247
0.03191167488694191
0.12561236321926117
-0.03190101683139801
-0.03208991512656212
0.0847855657339096
-0.09705152362585068
-0.06061015650629997
-0.041066404432058334
-0.08074896037578583
-0.7243458032608032
-0.16320514678955078
-0.01690385676920414
0.059575580060482025
-0.9440563321113586
-0.2682968080043793
-0.0352381207048893
-0.05939292162656784
-0.06992533057928085
-0.20786187052726746
0.0440269336104393
0.017775289714336395
-0.15037253499031067
-0.10753946751356125
-0.07388827204704285
-0.3265206217765808
-1.0108733177185059
-0.025856787338852882
-0.2883296012878418
0.015737589448690414
-0.46577584743499756
-0.05699903517961502
-0.1546381413936615
-0.025749079883098602
-0.0800689160823822
0.032106105238199234
-0.04670100659132004
-0.5219415426254272
-0.008613943122327328
-0.0193064883351326
-0.4649287760257721
-0.08973867446184158
-0.9559464454650879
-0.2653484046459198
-0.031528323888778687
-0.011135205626487732
-0.09622304141521454
-0.18607597053050995
-0.0808664858341217
0.02580736018717289
-0.1289413869380951
-0.06038942560553551
0.004263021517544985
-0.3462638258934021
0.017527488991618156
-0.06950646638870239
-0.1819562017917633
-0.06912302225828171
0.043107740581035614
0.07029319554567337
-0.09503576904535294
0.013001942075788975
-0.03628207743167877
-0.1278252750635147
0.03317037224769592
0.014104942791163921
0.016470815986394882
-0.018603280186653137
0.1009441688656807
0.09212560206651688
-0.02324202097952366
-0.10014316439628601
0.026905551552772522
0.01571217179298401
-0.46545469760894775
-0.20936228334903717
-0.05692504346370697
0.021243596449494362
-1.1818885803222656
-0.4670080542564392
0.01019391231238842
-0.07465672492980957
-0.17113567888736725
-0.2613082826137543
0.0006752029876224697
-0.056492190808057785
-0.18450942635536194
-0.07836554944515228
-0.1398601233959198
-0.5464097261428833
-0.3400088846683502
-0.14593933522701263
0.01914457604289055
0.006280792411416769
-1.1401971578598022
-0.15879057347774506
-0.06650914251804352
-0.012917695567011833
-0.13710829615592957
-0.3033757209777832
0.048739660531282425
0.028939463198184967
-0.03188764676451683
-0.0361604206264019
-0.08665904402732849
-0.517964243888855
-0.9736430644989014
-0.2948600649833679
-0.1699250340461731
0.07445050776004791
-1.2321709394454956
-0.4107159376144409
-0.10499212145805359
0.00932803563773632
-0.4082114100456238
-0.1503276377916336
-0.6162503361701965
-0.24278846383094788
-0.19471517205238342
-0.10757185518741608
-0.5234248638153076
-0.6015388369560242
-0.040508098900318146
-0.05759737640619278
0.038309402763843536
0.0038211492355912924
0.01471793744713068
0.0013379548909142613
-0.03138907998800278
0.03445439413189888
-0.00010641433618729934
-0.030049199238419533
0.041059739887714386
-0.006481152027845383
0.03554414212703705
-0.042741868644952774
-0.03862705081701279
0.06105104833841324
-0.056745629757642746
0.026923993602395058
0.003914869390428066
-0.061358287930488586
-0.050398554652929306
0.02116941101849079
0.10008867084980011
-0.019078196957707405
-0.03872117027640343
-0.03635815158486366
0.006418353877961636
-0.03332258760929108
-0.041875097900629044
0.01011977531015873
-0.020623359829187393
-0.03522445634007454
-1.412678837776184
-0.2855183482170105
-0.11372657865285873
0.008260556496679783
-0.23129987716674805
-0.2047475278377533
-0.07684654742479324
-0.023117447271943092
-0.14304184913635254
-0.021111149340867996
0.02152269519865513
-0.4767250716686249
-0.022510292008519173
-0.02493526227772236
-0.3110411465167999
-0.7157845497131348
-0.13763011991977692
-0.008328370749950409
-0.0021048730704933405
0.030403895303606987
0.03155924752354622
-0.06343766301870346
0.033250220119953156
-0.07029607146978378
0.058019451797008514
0.054149117320775986
-0.03744395822286606
0.05929652228951454
0.003773102769628167
-0.11875405162572861
-0.11677102744579315
-0.35987770557403564
-1.4226089715957642
-0.4615687429904938
-0.3763626217842102
0.025642981752753258
-1.0319849252700806
-0.4409070611000061
-0.30133056640625
-0.08163537085056305
-0.33540770411491394
-0.18017365038394928
-0.6893195509910583
-0.1814495027065277
-0.1527206301689148
-0.11295776069164276
-0.28463754057884216
-0.8412450551986694
-0.4189446270465851
0.0006095259450376034
0.03794868290424347
-0.0566260889172554
0.04886368662118912
-0.4356031119823456
-0.163736954331398
-0.002171998145058751
0.0002354075841140002
0.031594712287187576
-0.06915208697319031
-0.051361504942178726
-0.009561161510646343
-0.05269556865096092
-0.6517305970191956
-0.07488994300365448
-0.7889425158500671
-0.12831394374370575
-0.06106511130928993
-0.07680187374353409
-0.21359345316886902
-0.19344638288021088
0.056551095098257065
-0.09337768703699112
-0.16972075402736664
-0.015717389062047005
0.05240679532289505
-0.40103986859321594
0.03619996830821037
-0.05553632602095604
-0.18147380650043488
-0.6628968715667725
0.025033460929989815
0.00031165574910119176
-0.030602315440773964
-0.055210746824741364
-0.3431156277656555
0.07264433056116104
-0.2702140510082245
0.04445001482963562
-0.22345168888568878
0.02213016338646412
0.02364402823150158
-0.001738815102726221
-0.1291675865650177
-0.0399409756064415
-0.6182526350021362
-0.03323740512132645
-0.05624045431613922
0.03509777784347534
0.009205952286720276
0.022238751873373985
-0.04983328655362129
-0.08258114755153656
-0.03700656071305275
0.07015985250473022
-0.08252689242362976
-0.11217892169952393
0.032526616007089615
-0.007029623258858919
-0.05432872101664543
0.027092497795820236
-0.04698279872536659
0.05809818580746651
-0.5757185220718384
-0.05408246070146561
-0.015364648774266243
0.11318149417638779
-0.24297823011875153
0.06955832242965698
0.01195333432406187
-0.007506015710532665
-0.10228906571865082
0.00816395040601492
0.22051796317100525
0.004115109331905842
0.0844305008649826
-0.12687774002552032
-0.2612055540084839
-0.18673695623874664
-1.3734492063522339
-0.1985989511013031
-0.11525936424732208
0.05739082768559456
-0.7147419452667236
-0.15121130645275116
-0.04105763137340546
-0.0322614461183548
-0.22565065324306488
-0.2282986044883728
-0.0321505144238472
-0.1816142201423645
-0.0452922023832798
0.015375357121229172
-0.3207080364227295
-0.5541554093360901
-0.05654953047633171
-0.039744049310684204
0.040861114859580994
0.008260127156972885
0.03150037303566933
0.0014085801085457206
-0.054944347590208054
-0.05661478638648987
0.040006134659051895
-0.03518151864409447
0.030502883717417717
-0.001906655845232308
0.005054584704339504
-0.03652690351009369
-0.022134240716695786
-0.01894671469926834
-0.294553279876709
-0.15399564802646637
0.01025234442204237
-0.057533275336027145
-1.1365091800689697
-0.3794679045677185
-0.3874427080154419
-0.23205600678920746
-0.34548455476760864
-0.21039344370365143
-0.11022844910621643
0.07241737842559814
-0.18119078874588013
-0.09118935465812683
0.0031035873107612133
-0.8895554542541504
-0.05010461062192917
-0.058598797768354416
0.06421450525522232
0.04628797620534897
0.05851464718580246
0.00030720085487701
0.0685940608382225
-0.025197086855769157
0.0037309937179088593
-0.053290046751499176
0.1153949573636055
0.006760722491890192
0.029966304078698158
0.039900150150060654
-0.008493955247104168
0.015815697610378265
0.025680439546704292
-0.04762376844882965
0.007246765773743391
0.04385728761553764
-0.8566576242446899
-0.3395114541053772
-0.0659322589635849
-0.09304644167423248
-0.12051508575677872
-0.1686399132013321
0.05071583017706871
0.04903412610292435
-0.12060024589300156
-0.05183326452970505
-0.02564394287765026
-0.39274924993515015
-1.103397250175476
-0.0028548575937747955
-0.3604733943939209
-0.024626199156045914
-0.3006605803966522
-0.07862304151058197
0.008032487705349922
-0.031194699928164482
-0.11257079988718033
-0.2093387246131897
-0.04041479527950287
-0.6223142147064209
-0.01286898273974657
0.008139198645949364
-0.09649232029914856
-0.25410380959510803
-0.9769715070724487
0.045924585312604904
-0.15950562059879303
-0.01557753887027502
-0.10919670015573502
-0.10786432772874832
0.09701722860336304
-0.056778211146593094
-0.09637141227722168
0.08022899925708771
0.033294472843408585
-0.3681301474571228
0.05177043750882149
-0.01708284579217434
-0.3242179751396179
-0.6251013875007629
-0.5497822761535645
0.03576001152396202
0.08583225309848785
0.0009871430229395628
-0.000611361931078136
-0.019705137237906456
-0.018329469487071037
-0.017318828031420708
0.02725539170205593
-0.0027606964576989412
-0.033338941633701324
0.09616725891828537
0.0416560173034668
0.005080212838947773
-0.07827217876911163
-0.09397837519645691
-1.3402326107025146
-0.4370095133781433
-0.1539834439754486
-0.014769092202186584
-0.17568208277225494
-0.24566367268562317
-0.01438602153211832
-0.016626661643385887
-0.22887326776981354
-0.12149033695459366
-0.07429774850606918
-0.42338502407073975
-0.007487897295504808
-0.030863365158438683
-0.4236171543598175
-0.6082032322883606
-1.2966512441635132
-0.23882123827934265
-0.06329918652772903
-0.05837751552462578
-0.248903289437294
-0.1951778382062912
0.07569083571434021
0.04233601689338684
-0.19285781681537628
-0.012439817190170288
0.03176210820674896
-0.5114304423332214
-0.01702730357646942
-0.014302249066531658
-0.3064633309841156
-0.63286954164505
0.01383078470826149
-0.01765245385468006
-0.009555640630424023
0.02012138068675995
-0.049837999045848846
-0.041352979838848114
-0.1250046342611313
-0.013109030202031136
-0.00017648698121774942
-0.03047368861734867
-0.227059468626976
0.06824731826782227
-0.04044049233198166
-0.04099659249186516
0.09962696582078934
-0.021081021055579185
-0.2677713632583618
-0.05547737330198288
0.05492231249809265
0.07371019572019577
-1.1660881042480469
0.05485796183347702
-0.3187526762485504
-0.04353616386651993
-0.18623137474060059
-0.10236261785030365
0.057994499802589417
0.050213523209095
-0.05802225321531296
0.029474517330527306
-0.04515816643834114
-0.8828587532043457

linear_actor,linear_actor.weight
-0.5243249535560608
-1.1858010292053223
-1.1701679229736328
-1.3367455005645752
-0.8987798094749451
-1.2343124151229858
0.27494996786117554
-1.2112290859222412
-1.1379213333129883
-1.1198729276657104
-1.2892569303512573
0.08702167868614197
-1.0458016395568848
0.3747595548629761
-0.8928357362747192
-1.1134768724441528
0.12432663142681122
0.23314033448696136
-0.017286267131567
-0.008242316544055939
-1.1836426258087158
-1.0823043584823608
0.016298823058605194
-1.0826114416122437
-1.2345465421676636
-1.0920242071151733
0.2841256856918335
0.2297494113445282
-0.16135989129543304
-1.0572713613510132
0.144931361079216
-1.1394585371017456
-1.2909550666809082
0.11073064804077148
0.012074505910277367
0.04135529696941376
-0.4354718327522278
-1.0596524477005005
-1.022477626800537
-1.0283770561218262
-1.1889656782150269
-0.8585940003395081
-0.051324352622032166
-1.356319785118103
-1.0669089555740356
-1.250165343284607
-0.9855333566665649
0.07433340698480606
-0.9375928044319153
-0.23133569955825806
-1.1554381847381592
-1.085879921913147
0.08110468834638596
0.11742918938398361
0.029323123395442963
-0.17199787497520447
-1.2805473804473877
-1.289332628250122
0.04278154298663139
-1.4272788763046265
-0.9684653282165527
-1.352705478668213
0.3515385091304779
0.07584371417760849
0.08385678380727768
-1.2567561864852905
0.18272316455841064
-1.1408350467681885
-1.0878057479858398
-0.05025305971503258
0.03974822908639908
-0.09494715183973312
-0.18241241574287415
-1.157746434211731
-1.0622416734695435
-1.248509168624878
-1.0684998035430908
-1.5626524686813354
-0.24610015749931335
-0.8994051218032837
-0.890532910823822
-1.0385921001434326
-1.1355998516082764
0.24629035592079163
-1.257598876953125
0.2487407624721527
-1.0557225942611694
-1.1661368608474731
-0.042797110974788666
0.26492810249328613
0.024049174040555954
0.23593994975090027
-1.1562449932098389
-0.9159946441650391
0.08057090640068054
-1.4251152276992798
-1.2745606899261475
-1.247676968574524
0.07535184919834137
0.08830845355987549
0.07788965106010437
-1.0900499820709229
-0.17995266616344452
-0.9472147822380066
-1.1376968622207642
-0.03196623921394348
0.2662274241447449
0.059006597846746445
-0.1670491099357605
-1.0146005153656006
-1.0965484380722046
-0.9466949701309204
-1.1938968896865845
-1.1294176578521729
0.15925590693950653
-0.963173508644104
-1.1168079376220703
-0.9794830679893494
-1.0324417352676392
-0.35278305411338806
-1.1012604236602783
0.012680098414421082
-1.3448601961135864
-1.2197208404541016
0.1531037837266922
-0.110972099006176
0.0628320723772049
0.03197641670703888
-1.1293957233428955
-1.201124906539917
0.05381479114294052
-0.7502522468566895
-1.121610403060913
-1.4482041597366333
-0.1420699954032898
-0.10225241631269455
0.41109418869018555
-1.3028253316879272
0.03675709292292595
-1.4997941255569458
-1.0662564039230347
0.18595749139785767
-0.050590407103300095
0.06193036586046219
